-16.332   -9.918   -4.096 -0.834
-16.776   -9.549   -4.899 0.417
-16.908   -9.621   -3.373 0.417
-13.967  -15.124    0.891 -0.834
-13.922  -14.776    1.798 0.417
-13.408  -15.912    0.961 0.417
-15.431  -16.040    9.887 -0.834
-16.041  -16.840    9.980 0.417
-16.005  -15.345    9.422 0.417
-19.025   -5.993   18.567 -0.834
-18.863   -6.737   17.966 0.417
-19.381   -6.461   19.360 0.417
-14.814   -3.304   -7.928 -0.834
-13.917   -3.021   -8.184 0.417
-14.663   -4.168   -7.510 0.417
 -5.563  -14.206   10.556 -0.834
 -6.476  -14.681   10.532 0.417
 -5.016  -14.887   10.973 0.417
-11.676   -6.189    1.332 -0.834
-11.367   -6.652    2.112 0.417
-11.494   -6.884    0.645 0.417
 -8.538    6.026   11.373 -0.834
 -8.614    6.695   12.076 0.417
 -9.381    6.080   10.936 0.417
-16.214   -3.682  -18.690 -0.834
-16.219   -4.612  -18.804 0.417
-15.472   -3.420  -19.219 0.417
-13.795  -13.009   -1.558 -0.834
-13.218  -12.653   -0.848 0.417
-14.691  -12.938   -1.200 0.417
 -3.874   -5.299  -15.423 -0.834
 -3.930   -5.728  -16.274 0.417
 -3.195   -4.546  -15.555 0.417
-17.250  -11.156  -10.371 -0.834
-17.890  -11.710  -10.002 0.417
-17.836  -10.755  -11.038 0.417
-16.065   -3.805    2.109 -0.834
-15.130   -3.966    1.985 0.417
-16.345   -4.633    2.581 0.417
-17.009   -8.838    7.860 -0.834
-16.406   -9.032    7.129 0.417
-17.586   -8.225    7.430 0.417
-15.760  -12.963    7.081 -0.834
-15.344  -12.169    6.658 0.417
-16.214  -12.572    7.812 0.417
-12.828  -13.001   18.581 -0.834
-12.960  -12.450   19.327 0.417
-13.756  -13.244   18.263 0.417
 -9.326  -11.091  -15.014 -0.834
 -9.002  -11.129  -14.068 0.417
-10.252  -10.730  -14.925 0.417
-19.998  -14.333   -5.409 -0.834
-19.517  -14.010   -6.170 0.417
-19.392  -14.219   -4.653 0.417
-10.118  -10.844   -5.084 -0.834
-10.426  -10.247   -4.403 0.417
 -9.979  -11.736   -4.711 0.417
-12.036  -13.893    9.453 -0.834
-11.758  -14.794    9.599 0.417
-11.578  -13.455   10.237 0.417
  4.177   -5.729   18.126 -0.834
  3.534   -6.058   17.459 0.417
  5.062   -5.918   17.682 0.417
-13.684  -14.712    7.495 -0.834
-13.360  -14.369    8.363 0.417
-14.437  -14.148    7.280 0.417
 -7.111    9.660  -10.913 -0.834
 -7.422    9.796  -10.025 0.417
 -6.236    9.337  -10.788 0.417
-18.339  -13.319  -18.057 -0.834
-18.057  -14.261  -18.019 0.417
-19.222  -13.401  -18.517 0.417
-15.179    0.603   -8.761 -0.834
-14.534    0.782   -8.037 0.417
-14.616    0.914   -9.544 0.417
 -4.978    0.855   -7.169 -0.834
 -5.778    0.809   -6.708 0.417
 -5.327    1.057   -8.082 0.417
-18.661  -16.218    2.814 -0.834
-19.161  -16.575    2.087 0.417
-18.225  -16.923    3.138 0.417
-19.515   -4.863    2.476 -0.834
-19.356   -4.575    3.349 0.417
-19.688   -4.039    1.975 0.417
 -6.857   -6.205   13.479 -0.834
 -7.069   -6.447   14.356 0.417
 -6.477   -5.338   13.519 0.417
 -7.579    0.595   11.343 -0.834
 -7.670    0.621   12.303 0.417
 -7.719    1.526   11.063 0.417
-14.392    3.918   -7.041 -0.834
-15.160    3.622   -7.455 0.417
-13.963    4.336   -7.792 0.417
 -9.574  -12.396  -17.596 -0.834
 -9.239  -11.599  -18.006 0.417
 -9.752  -12.111  -16.692 0.417
-11.431    5.684   -7.789 -0.834
-10.877    5.542   -6.985 0.417
-11.195    6.595   -8.073 0.417
-15.731    2.752   -3.735 -0.834
-15.851    3.680   -4.112 0.417
-14.939    2.796   -3.224 0.417
-16.401   -6.311    3.583 -0.834
-16.570   -7.124    4.062 0.417
-15.439   -6.231    3.661 0.417
 -0.048  -18.039    6.164 -0.834
  0.414  -18.921    6.079 0.417
  0.667  -17.347    6.013 0.417
  2.572  -13.758  -16.522 -0.834
  1.705  -14.155  -16.170 0.417
  2.951  -14.341  -17.142 0.417
-12.218    8.346    0.641 -0.834
-11.345    8.234    1.114 0.417
-12.331    9.295    0.444 0.417
 -9.074  -14.635  -18.982 -0.834
 -8.862  -15.231  -18.246 0.417
 -9.343  -13.788  -18.507 0.417
 18.680    4.645    5.756 -0.834
 18.621    5.384    5.135 0.417
 19.060    4.974    6.580 0.417
-11.353  -15.686   -0.722 -0.834
-12.036  -16.389   -0.674 0.417
-11.957  -14.936   -0.847 0.417
-11.619   -2.681    3.275 -0.834
-12.484   -2.660    3.695 0.417
-11.569   -1.737    3.009 0.417
-15.658   -8.612    5.271 -0.834
-15.158   -9.303    5.678 0.417
-15.097   -7.852    5.578 0.417
-18.330   -4.325    9.166 -0.834
-17.880   -4.050    9.974 0.417
-19.237   -4.483    9.468 0.417
 -3.530    8.089  -17.819 -0.834
 -3.146    7.230  -17.501 0.417
 -4.467    7.856  -17.912 0.417
-11.624   12.914  -11.264 -0.834
-10.900   12.283  -11.266 0.417
-11.193   13.795  -11.432 0.417
-19.198    5.084  -14.477 -0.834
-19.421    6.065  -14.495 0.417
-18.205    5.163  -14.555 0.417
-15.701   -2.226  -12.831 -0.834
-16.697   -2.197  -12.678 0.417
-15.467   -1.245  -13.076 0.417
-11.108   -7.023  -14.679 -0.834
-11.881   -7.522  -14.557 0.417
-10.658   -7.443  -15.464 0.417
-17.292    0.969    4.504 -0.834
-17.411    0.945    3.556 0.417
-16.877    1.835    4.549 0.417
-17.572   -7.269   10.487 -0.834
-17.281   -7.927    9.830 0.417
-17.418   -6.458   10.008 0.417
 -8.719   11.586    4.226 -0.834
 -8.853   10.638    4.048 0.417
 -7.869   11.561    4.702 0.417
-17.826   -1.532  -17.788 -0.834
-17.368   -2.372  -17.797 0.417
-17.069   -0.880  -17.719 0.417
-14.952  -10.954   16.578 -0.834
-14.936  -10.111   17.059 0.417
-15.378  -10.776   15.743 0.417
-15.182   16.858   -2.213 -0.834
-15.854   16.220   -2.533 0.417
-15.016   16.600   -1.315 0.417
-10.414   15.305   16.263 -0.834
-10.047   15.826   17.009 0.417
 -9.737   15.511   15.531 0.417
 -7.610    7.307   17.360 -0.834
 -8.155    8.113   17.293 0.417
 -7.955    6.920   18.175 0.417
-18.669   16.142  -17.299 -0.834
-19.635   16.131  -17.037 0.417
-18.328   15.284  -16.967 0.417
-17.084   11.913  -11.022 -0.834
-16.227   12.387  -10.984 0.417
-17.775   12.579  -10.972 0.417
 -1.130    1.460    8.971 -0.834
 -2.097    1.288    8.721 0.417
 -0.926    0.691    9.591 0.417
-13.921   13.356    5.597 -0.834
-13.517   13.937    6.265 0.417
-14.818   13.791    5.496 0.417
-16.478    9.694    7.275 -0.834
-17.021    9.239    8.035 0.417
-17.110   10.250    6.887 0.417
 -4.656   14.738   12.731 -0.834
 -4.474   15.545   13.160 0.417
 -5.087   15.025   11.884 0.417
-10.936   10.446   -2.304 -0.834
-10.104   10.192   -1.919 0.417
-11.502   10.631   -1.509 0.417
 -1.580   12.007    2.329 -0.834
 -2.087   11.810    3.089 0.417
 -0.655   12.190    2.662 0.417
 -5.630   16.170   16.010 -0.834
 -5.210   16.753   15.304 0.417
 -4.931   15.483   16.044 0.417
-19.435    9.252  -18.417 -0.834
-18.537    9.562  -18.264 0.417
-19.414    8.335  -18.212 0.417
 -6.261   13.516   17.538 -0.834
 -6.658   13.364   16.663 0.417
 -6.871   12.963   18.063 0.417
 -6.388   -2.320   -1.378 -0.834
 -6.256   -2.586   -0.492 0.417
 -5.474   -2.169   -1.653 0.417
-10.142   18.394  -14.444 -0.834
-10.914   18.132  -14.008 0.417
 -9.715   19.003  -13.917 0.417
 -9.918   14.674   -8.066 -0.834
 -9.792   15.123   -7.205 0.417
-10.552   15.288   -8.455 0.417
-14.115   15.212  -12.437 -0.834
-14.491   15.849  -13.109 0.417
-13.198   15.079  -12.688 0.417
-18.713    4.132    3.737 -0.834
-18.765    3.924    4.731 0.417
-17.912    4.709    3.639 0.417
-13.418   17.780    7.400 -0.834
-13.160   16.904    7.215 0.417
-12.817   18.042    8.140 0.417
-11.916   12.876   -4.176 -0.834
-12.857   12.955   -4.219 0.417
-11.723   12.234   -3.503 0.417
-13.635  -17.326    8.059 -0.834
-14.201  -16.563    7.849 0.417
-12.825  -16.945    8.403 0.417
-10.661  -13.262   11.901 -0.834
-11.096  -12.764   12.634 0.417
-10.596  -14.162   12.222 0.417
 -4.586  -13.431  -17.499 -0.834
 -3.776  -13.142  -17.872 0.417
 -5.192  -13.300  -18.329 0.417
-12.429  -16.202   14.095 -0.834
-13.034  -15.596   13.494 0.417
-12.554  -15.905   15.028 0.417
-10.065   -7.124   -9.809 -0.834
-10.291   -7.902  -10.366 0.417
-10.528   -7.234   -8.982 0.417
-12.940  -17.926   -0.170 -0.834
-12.350  -18.381    0.528 0.417
-13.852  -18.204    0.035 0.417
 -9.105   -0.675   19.064 -0.834
 -9.633   -1.232   19.669 0.417
 -8.214   -1.042   19.229 0.417
 -6.109  -18.081  -17.008 -0.834
 -5.802  -17.319  -16.578 0.417
 -6.788  -18.423  -16.422 0.417
-11.177   -9.419  -11.173 -0.834
-11.817   -9.247  -11.852 0.417
-11.611   -9.939  -10.466 0.417
-10.922   -8.033   -7.266 -0.834
-11.772   -8.439   -7.007 0.417
-10.488   -7.806   -6.440 0.417
 -9.718  -19.360  -17.947 -0.834
 -9.633  -19.041  -16.984 0.417
-10.257  -18.677  -18.333 0.417
-15.382  -11.875  -12.223 -0.834
-14.595  -12.081  -11.686 0.417
-15.998  -11.542  -11.578 0.417
-16.597  -15.313  -10.185 -0.834
-16.891  -14.728  -10.903 0.417
-16.183  -16.027  -10.673 0.417
-16.724  -12.535   -0.675 -0.834
-17.228  -13.009   -0.036 0.417
-16.396  -11.712   -0.247 0.417
-17.109  -14.956   12.613 -0.834
-17.740  -15.480   13.150 0.417
-17.697  -14.490   12.020 0.417
-18.160  -11.735    8.662 -0.834
-18.320  -11.956    7.747 0.417
-18.166  -10.789    8.733 0.417
-19.263   -2.098   17.090 -0.834
-19.541   -1.208   17.352 0.417
-19.134   -2.051   16.147 0.417
-10.022  -12.125    4.948 -0.834
-10.411  -12.374    5.845 0.417
 -9.564  -11.344    5.187 0.417
-10.073  -15.815   12.805 -0.834
-10.944  -16.065   13.202 0.417
 -9.640  -16.675   12.665 0.417
-16.881   -9.675   -6.842 -0.834
-16.402   -9.100   -7.488 0.417
-16.560  -10.570   -7.038 0.417
-17.622  -14.194   -3.747 -0.834
-17.843  -13.839   -2.901 0.417
-16.699  -13.968   -3.874 0.417
-13.618    2.271  -17.681 -0.834
-14.450    2.035  -18.153 0.417
-13.141    1.472  -17.808 0.417
 11.804   -7.244  -12.948 -0.834
 11.543   -6.358  -13.269 0.417
 12.291   -7.070  -12.133 0.417
-15.983  -16.095   -0.582 -0.834
-16.858  -15.958   -0.868 0.417
-15.418  -15.273   -0.705 0.417
-17.656    0.472    1.631 -0.834
-17.068    0.821    0.945 0.417
-18.533    0.548    1.138 0.417
  0.613   -6.384   -8.934 -0.834
  0.739   -6.041   -9.782 0.417
 -0.381   -6.184   -8.750 0.417
 -8.508  -14.452   14.846 -0.834
 -8.837  -14.796   14.040 0.417
 -8.614  -13.521   14.859 0.417
-18.213  -10.482    4.515 -0.834
-17.868  -10.425    3.646 0.417
-18.140   -9.594    4.787 0.417
-15.873  -18.130   12.761 -0.834
-16.170  -17.728   11.989 0.417
-15.270  -17.438   13.098 0.417
 -5.474   -9.468    0.137 -0.834
 -5.838  -10.267    0.503 0.417
 -5.534   -9.580   -0.806 0.417
  6.124   -3.406   -3.193 -0.834
  6.948   -3.136   -2.756 0.417
  6.137   -2.952   -4.100 0.417
-11.124    8.437  -14.421 -0.834
-10.773    7.577  -14.642 0.417
-11.210    8.398  -13.467 0.417
-14.427   -5.196   -0.910 -0.834
-14.041   -4.661   -0.192 0.417
-14.131   -4.587   -1.669 0.417
 -3.717  -12.646    2.781 -0.834
 -4.360  -11.942    2.449 0.417
 -4.027  -13.440    2.379 0.417
  2.872   -1.559   -3.212 -0.834
  2.201   -2.136   -3.621 0.417
  2.335   -1.019   -2.575 0.417
 -9.895  -19.159   19.111 -0.834
-10.512  -18.550   18.631 0.417
 -9.368  -18.582   19.705 0.417
-19.258    0.647   17.424 -0.834
-19.837    1.202   16.855 0.417
-18.468    0.410   16.837 0.417
-14.542   -6.903  -15.411 -0.834
-14.327   -6.981  -16.388 0.417
-15.101   -6.106  -15.343 0.417
  7.849  -10.132   -0.827 -0.834
  7.170  -10.280   -0.137 0.417
  7.403   -9.581   -1.511 0.417
-15.448  -18.630    0.330 -0.834
-15.726  -17.806   -0.047 0.417
-15.765  -19.199   -0.429 0.417
-15.406    5.266   -4.800 -0.834
-16.362    5.500   -4.804 0.417
-15.242    4.897   -5.688 0.417
 -9.034  -19.513    7.664 -0.834
 -9.165  -18.577    7.475 0.417
 -9.442  -19.908    6.883 0.417
-13.420   -7.008    9.691 -0.834
-13.570   -6.114    9.972 0.417
-13.571   -7.501   10.481 0.417
-14.840   -6.256  -12.046 -0.834
-13.952   -6.578  -11.793 0.417
-14.992   -5.507  -11.472 0.417
-18.512  -12.246   11.838 -0.834
-19.222  -11.677   12.195 0.417
-18.457  -11.957   10.921 0.417
 -9.610  -13.614   -1.172 -0.834
 -9.312  -13.516   -0.269 0.417
-10.156  -14.411   -1.079 0.417
-18.322    1.942  -18.965 -0.834
-18.728    1.280  -18.408 0.417
-18.502    2.809  -18.507 0.417
-10.370    1.547  -17.000 -0.834
-10.399    2.471  -17.357 0.417
-10.713    0.954  -17.688 0.417
-19.245   14.044   -7.077 -0.834
-18.622   14.200   -6.344 0.417
-19.669   13.221   -6.771 0.417
-15.609    9.423    1.120 -0.834
-16.237    8.799    1.511 0.417
-15.406    9.044    0.208 0.417
-17.656   -9.429  -17.376 -0.834
-17.878   -9.247  -16.447 0.417
-17.053  -10.209  -17.383 0.417
-17.418    7.635    2.063 -0.834
-18.174    7.334    2.610 0.417
-17.859    7.873    1.227 0.417
-17.381    8.047   17.820 -0.834
-17.531    8.994   17.611 0.417
-18.029    7.756   18.500 0.417
-11.877  -12.110   14.105 -0.834
-11.717  -12.461   15.039 0.417
-11.271  -11.366   14.000 0.417
 -6.615  -10.231    9.453 -0.834
 -6.144   -9.609   10.062 0.417
 -7.401  -10.487    9.965 0.417
-19.177    3.668  -17.112 -0.834
-18.364    3.316  -16.660 0.417
-19.747    3.978  -16.360 0.417
-17.917    8.332  -12.674 -0.834
-18.442    8.514  -11.885 0.417
-18.504    7.737  -13.189 0.417
 -6.780    4.494   -6.908 -0.834
 -7.109    5.383   -6.713 0.417
 -6.944    3.918   -6.147 0.417
-19.005    8.021   -9.985 -0.834
-19.987    7.981   -9.957 0.417
-18.702    7.119   -9.737 0.417
-17.290  -13.815  -12.460 -0.834
-17.533  -13.764  -13.439 0.417
-16.590  -13.145  -12.420 0.417
-13.089   -0.542   -2.665 -0.834
-12.483    0.118   -3.043 0.417
-13.685   -0.864   -3.412 0.417
 -6.664    4.461   16.785 -0.834
 -6.761    5.164   17.434 0.417
 -6.307    3.713   17.244 0.417
-17.166   -4.957   14.374 -0.834
-17.721   -5.193   15.123 0.417
-16.393   -5.451   14.503 0.417
-14.821    0.890    7.387 -0.834
-15.382    1.606    7.646 0.417
-14.804    0.211    8.107 0.417
-10.661   18.413   -1.977 -0.834
-10.709   17.725   -1.291 0.417
 -9.895   18.114   -2.489 0.417
 -3.808    2.403  -16.218 -0.834
 -3.637    2.881  -15.378 0.417
 -3.573    3.065  -16.914 0.417
 -6.460    2.220  -17.252 -0.834
 -7.035    2.475  -16.538 0.417
 -5.572    2.404  -16.926 0.417
-10.475    8.541   10.151 -0.834
 -9.585    8.418    9.686 0.417
-10.803    7.671   10.239 0.417
-16.995   13.969   -5.251 -0.834
-16.251   14.208   -5.841 0.417
-16.897   13.042   -5.075 0.417
-11.611   -1.835   10.992 -0.834
-12.032   -2.230   10.210 0.417
-11.583   -2.549   11.641 0.417
-14.803   17.740    0.512 -0.834
-14.483   18.488    0.028 0.417
-15.762   17.952    0.773 0.417
 -4.674    6.968   11.402 -0.834
 -5.547    6.736   10.928 0.417
 -4.932    7.620   12.033 0.417
-11.819    3.465  -12.363 -0.834
-10.993    3.937  -12.297 0.417
-12.483    4.117  -12.688 0.417
 -9.071   -5.250  -14.282 -0.834
 -9.950   -5.459  -14.592 0.417
 -8.599   -6.121  -14.283 0.417
 -0.341    5.552   -2.551 -0.834
  0.182    6.346   -2.501 0.417
 -1.266    5.858   -2.619 0.417
-13.016   14.157    3.048 -0.834
-13.782   14.085    2.457 0.417
-13.284   13.608    3.800 0.417
-13.003   14.755   15.342 -0.834
-12.400   14.991   15.995 0.417
-13.065   13.804   15.464 0.417
-17.914    5.452   -1.806 -0.834
-17.826    5.923   -2.606 0.417
-18.728    5.869   -1.396 0.417
-18.317    5.667    6.332 -0.834
-17.420    5.907    6.426 0.417
-18.515    5.227    7.126 0.417
  3.331    1.619   -1.931 -0.834
  3.137    2.516   -1.544 0.417
  2.663    0.985   -1.550 0.417
-18.246   14.617   14.408 -0.834
-18.209   14.662   15.420 0.417
-17.432   15.011   14.179 0.417
 -5.300    9.177   13.075 -0.834
 -5.425    8.887   13.996 0.417
 -6.231    9.183   12.748 0.417
-10.914   17.628   -9.139 -0.834
-11.399   18.463   -9.333 0.417
-10.805   17.683   -8.136 0.417
 -3.493   -2.830    1.006 -0.834
 -2.774   -2.994    0.295 0.417
 -3.970   -3.703    1.082 0.417
 -8.069   16.535   12.386 -0.834
 -8.561   16.173   13.148 0.417
 -7.757   15.723   11.845 0.417
-16.210    3.318    6.067 -0.834
-15.889    3.684    6.901 0.417
-17.165    3.196    6.248 0.417
-18.375   10.100   16.358 -0.834
-18.272   10.712   15.618 0.417
-19.088   10.549   16.843 0.417
-14.786   15.728  -18.104 -0.834
-14.253   15.733  -18.902 0.417
-15.411   16.462  -18.332 0.417
  1.955   12.145   -7.880 -0.834
  2.028   12.757   -7.174 0.417
  2.702   12.400   -8.501 0.417
-12.514    9.742   11.971 -0.834
-11.884    9.155   11.492 0.417
-13.222    9.096   12.064 0.417
-12.565   11.116    0.100 -0.834
-13.422   11.264   -0.334 0.417
-12.686   11.542    1.014 0.417
-17.843   16.500    5.355 -0.834
-17.109   16.045    4.935 0.417
-17.597   17.436    5.199 0.417
-10.854   18.558   18.491 -0.834
-10.109   17.964   18.496 0.417
-10.518   19.356   18.944 0.417
 -8.563   13.795   -0.051 -0.834
 -9.108   13.629   -0.834 0.417
 -9.124   13.721    0.759 0.417
 -8.050   15.322   14.900 -0.834
 -7.928   14.397   14.787 0.417
 -7.182   15.651   15.219 0.417
-13.200   17.116    2.652 -0.834
-13.097   16.138    2.827 0.417
-13.771   17.169    1.908 0.417
 -1.363   15.088    5.879 -0.834
 -1.313   15.420    4.981 0.417
 -1.991   15.716    6.359 0.417
-13.869   15.299   19.590 -0.834
-14.501   15.415   18.908 0.417
-13.638   14.387   19.519 0.417
 -3.990   17.713   11.203 -0.834
 -3.036   17.525   10.948 0.417
 -4.293   18.267   10.432 0.417
-13.960   16.974   14.283 -0.834
-13.562   17.353   15.061 0.417
-13.197   16.869   13.683 0.417
-16.049   12.492    0.099 -0.834
-16.045   11.770   -0.607 0.417
-16.883   12.282    0.546 0.417
-13.666   12.822   10.600 -0.834
-12.807   12.842   11.097 0.417
-13.370   12.523    9.704 0.417
-15.938   13.760  -14.358 -0.834
-16.316   14.308  -13.637 0.417
-16.706   13.253  -14.618 0.417
 -8.387   14.832   -4.054 -0.834
 -8.331   13.875   -3.795 0.417
 -9.152   15.107   -3.614 0.417
 -0.600   19.416   11.031 -0.834
 -0.618   18.448   11.348 0.417
 -0.105   19.358   10.220 0.417
-13.397   17.068   -6.343 -0.834
-13.152   16.670   -5.550 0.417
-13.286   18.036   -6.135 0.417
-18.235   19.532  -12.241 -0.834
-19.239   19.599  -12.280 0.417
-18.064   18.964  -11.458 0.417
  0.759   17.628    5.956 -0.834
  0.104   17.147    5.343 0.417
  1.278   18.219    5.409 0.417
-19.253  -15.531   -9.421 -0.834
-19.574  -16.432   -9.661 0.417
-18.495  -15.415  -10.010 0.417
-14.644  -14.612   -3.954 -0.834
-14.116  -13.936   -3.539 0.417
-14.408  -15.378   -3.463 0.417
-18.111  -14.415    9.541 -0.834
-18.062  -13.498    9.263 0.417
-18.985  -14.688    9.145 0.417
 -9.296  -13.279   -4.117 -0.834
 -9.099  -13.088   -3.164 0.417
 -9.873  -14.028   -4.002 0.417
  6.897   -7.906  -19.321 -0.834
  6.514   -8.720  -19.696 0.417
  7.875   -8.073  -19.447 0.417
-17.811  -18.294    4.878 -0.834
-18.536  -18.909    4.710 0.417
-17.875  -18.195    5.900 0.417
 -8.237   -0.386  -10.042 -0.834
 -7.721    0.405  -10.134 0.417
 -7.565   -1.095  -10.099 0.417
-12.136   -9.397    8.950 -0.834
-12.531   -8.725    9.507 0.417
-12.846  -10.008    8.783 0.417
-15.353  -13.368   17.534 -0.834
-16.158  -13.824   17.198 0.417
-15.370  -12.514   17.090 0.417
 -9.107  -11.584   10.315 -0.834
 -9.261  -12.213    9.538 0.417
 -9.639  -12.029   10.974 0.417
-12.973  -17.776   -6.589 -0.834
-13.815  -17.199   -6.465 0.417
-13.308  -18.597   -6.258 0.417
 -2.188  -14.229  -14.124 -0.834
 -2.780  -13.684  -14.620 0.417
 -2.449  -15.131  -14.331 0.417
-15.972  -12.301   -7.224 -0.834
-15.423  -12.807   -7.862 0.417
-16.829  -12.680   -7.456 0.417
 -8.951  -10.120    6.882 -0.834
 -8.605  -10.519    7.655 0.417
 -8.095   -9.905    6.383 0.417
  2.133  -17.114   -0.157 -0.834
  2.929  -17.404    0.262 0.417
  1.486  -17.172    0.561 0.417
  0.975  -12.700   10.576 -0.834
  1.781  -13.270   10.419 0.417
  1.289  -12.181   11.305 0.417
 -7.507  -10.549  -17.785 -0.834
 -7.092  -10.160  -17.013 0.417
 -7.018  -11.359  -17.961 0.417
 -8.823  -10.390  -12.072 -0.834
 -9.557   -9.828  -11.947 0.417
 -9.134  -11.212  -11.702 0.417
-18.162  -16.794   -4.602 -0.834
-17.799  -15.919   -4.455 0.417
-17.883  -17.001   -5.578 0.417
 -3.867   -7.407   -3.092 -0.834
 -4.648   -7.231   -3.609 0.417
 -4.113   -8.124   -2.489 0.417
-18.101   -8.376   -2.107 -0.834
-18.861   -8.322   -2.695 0.417
-17.742   -7.465   -2.145 0.417
-10.780   -6.096   -2.660 -0.834
 -9.938   -5.802   -2.262 0.417
-10.606   -7.001   -2.898 0.417
-16.542  -10.132    2.419 -0.834
-15.602   -9.984    2.654 0.417
-16.552   -9.811    1.495 0.417
-17.076  -15.857    6.959 -0.834
-16.442  -15.454    6.376 0.417
-17.335  -15.170    7.592 0.417
-19.250  -17.062   13.461 -0.834
-19.256  -17.491   14.315 0.417
-19.609  -16.191   13.743 0.417
 -9.333   -7.566   15.503 -0.834
-10.126   -7.052   15.227 0.417
 -9.061   -7.055   16.214 0.417
 -1.559   -3.866  -16.160 -0.834
 -1.390   -3.512  -17.032 0.417
 -0.887   -4.593  -16.039 0.417
 -4.570  -16.726  -12.593 -0.834
 -4.542  -17.259  -11.843 0.417
 -4.067  -17.260  -13.230 0.417
 -6.866  -15.465  -13.441 -0.834
 -7.566  -16.068  -13.062 0.417
 -6.041  -15.838  -13.035 0.417
-14.292  -15.574    4.418 -0.834
-13.998  -15.297    5.300 0.417
-14.843  -14.832    4.144 0.417
 -3.679   -0.505   -4.130 -0.834
 -3.040   -0.841   -4.808 0.417
 -3.146    0.132   -3.612 0.417
 -9.705   -5.934   -5.680 -0.834
 -9.408   -5.933   -4.774 0.417
-10.678   -5.774   -5.650 0.417
 -3.992   -2.203   -8.590 -0.834
 -3.305   -2.298   -9.316 0.417
 -4.814   -2.479   -9.058 0.417
 -4.602  -18.448   -1.754 -0.834
 -3.984  -18.049   -2.434 0.417
 -5.426  -17.989   -1.891 0.417
-12.170   -0.249  -18.005 -0.834
-12.743   -0.130  -18.753 0.417
-11.671   -1.077  -18.115 0.417
 -6.337    6.432  -13.471 -0.834
 -6.149    6.261  -12.518 0.417
 -6.645    7.375  -13.468 0.417
 -4.973   -8.751  -10.194 -0.834
 -4.364   -9.047  -10.896 0.417
 -5.071   -7.806  -10.455 0.417
 -0.470   -0.187    4.413 -0.834
  0.399    0.251    4.331 0.417
 -0.245   -1.124    4.418 0.417
 -9.726   -8.552    0.959 -0.834
 -9.107   -8.927    1.654 0.417
 -9.656   -9.109    0.238 0.417
 -8.527  -13.925    1.702 -0.834
 -7.954  -14.333    2.431 0.417
 -9.446  -14.061    2.100 0.417
-11.682   -4.716    5.150 -0.834
-11.010   -4.921    5.736 0.417
-11.264   -4.047    4.564 0.417
 10.868    8.734  -17.269 -0.834
 10.991    9.422  -17.981 0.417
 11.515    8.043  -17.516 0.417
 -6.088    6.462  -17.714 -0.834
 -6.333    7.388  -17.461 0.417
 -6.512    5.916  -17.000 0.417
 -8.835   12.860  -18.664 -0.834
 -8.617   12.035  -19.026 0.417
 -9.094   12.669  -17.759 0.417
  4.449   16.400  -12.116 -0.834
  5.434   16.551  -12.143 0.417
  4.142   16.332  -13.058 0.417
 -5.665   14.997   -4.341 -0.834
 -6.636   14.868   -4.261 0.417
 -5.590   15.230   -5.279 0.417
  1.008  -16.730   -4.827 -0.834
  0.390  -15.964   -4.916 0.417
  1.768  -16.408   -5.251 0.417
 -2.690   -7.275   10.317 -0.834
 -3.519   -6.839   10.591 0.417
 -2.943   -8.144    9.939 0.417
-13.200   -3.341   -2.816 -0.834
-12.857   -3.351   -3.673 0.417
-12.891   -2.498   -2.432 0.417
-14.220   -2.484    4.024 -0.834
-14.894   -2.674    3.341 0.417
-14.250   -1.515    4.094 0.417
  4.714    1.300    8.954 -0.834
  4.446    1.591    8.048 0.417
  5.209    2.035    9.317 0.417
 -5.397   -1.890  -16.787 -0.834
 -5.725   -2.345  -16.037 0.417
 -6.158   -1.394  -17.122 0.417
-15.247    0.139  -14.525 -0.834
-15.231    1.053  -14.154 0.417
-14.337    0.031  -14.799 0.417
-10.750    2.403    8.404 -0.834
-11.576    2.852    8.305 0.417
-10.857    1.926    9.253 0.417
-18.385   -2.645   -5.645 -0.834
-18.775   -3.520   -5.580 0.417
-19.141   -2.016   -5.949 0.417
 -8.913   -4.213    0.150 -0.834
 -8.779   -5.123   -0.302 0.417
 -8.064   -4.060    0.591 0.417
  2.578    3.665    3.229 -0.834
  3.396    3.499    2.734 0.417
  1.920    3.775    2.561 0.417
-10.216   -1.940   -3.561 -0.834
 -9.424   -1.834   -4.078 0.417
-10.059   -1.416   -2.766 0.417
-17.631   -0.380   -9.162 -0.834
-17.949   -0.575   -8.299 0.417
-16.653   -0.283   -9.077 0.417
 -7.801   -8.646   11.965 -0.834
 -7.720   -7.730   12.149 0.417
 -8.615   -8.646   11.486 0.417
-13.013    5.343   12.803 -0.834
-13.938    5.093   13.100 0.417
-12.532    4.995   13.508 0.417
 -4.842   -4.782  -18.547 -0.834
 -4.714   -3.877  -18.840 0.417
 -5.825   -4.781  -18.413 0.417
-12.071  -10.399  -15.678 -0.834
-12.636   -9.660  -16.088 0.417
-12.682  -10.989  -15.180 0.417
 -9.791    6.935  -18.027 -0.834
-10.603    7.288  -18.480 0.417
 -9.477    7.672  -17.376 0.417
-10.941   13.382   11.598 -0.834
-10.702   12.548   11.121 0.417
-10.814   13.114   12.523 0.417
-12.875    6.008   -3.795 -0.834
-12.695    6.912   -4.006 0.417
-13.715    5.889   -4.266 0.417
 -8.415    3.121   -0.545 -0.834
 -7.587    3.205   -0.018 0.417
 -9.184    3.266    0.095 0.417
  1.033    7.960   -2.407 -0.834
  1.033    8.956   -2.379 0.417
  1.925    7.777   -2.825 0.417
-11.543   11.011  -19.140 -0.834
-11.756   11.664  -18.486 0.417
-12.191   10.305  -18.933 0.417
 -0.599   16.861    3.848 -0.834
 -0.612   17.833    3.651 0.417
 -1.025   16.454    3.026 0.417
-10.077   18.910    2.513 -0.834
-10.245   18.506    3.457 0.417
-10.853   18.717    1.948 0.417
-13.751    7.735   -6.332 -0.834
-13.537    8.358   -7.002 0.417
-12.910    7.243   -6.152 0.417
 -6.245    5.794  -10.480 -0.834
 -7.174    5.669  -10.233 0.417
 -5.852    5.751   -9.626 0.417
 -8.580    0.031   14.330 -0.834
 -9.257    0.735   14.495 0.417
 -8.817   -0.665   14.947 0.417
-16.604   -0.006   16.503 -0.834
-16.646   -0.905   16.141 0.417
-16.475    0.554   15.622 0.417
 -4.502    6.311   17.716 -0.834
 -4.891    7.146   17.683 0.417
 -4.551    5.975   16.834 0.417
 -6.374   10.844   16.012 -0.834
 -7.039   10.601   16.641 0.417
 -5.591   10.739   16.544 0.417
 -3.665   18.240   18.854 -0.834
 -3.807   17.407   19.375 0.417
 -4.496   18.528   18.513 0.417
-16.259   13.268   11.520 -0.834
-15.303   13.107   11.390 0.417
-16.330   13.920   12.193 0.417
-17.480   10.670  -13.743 -0.834
-17.328    9.751  -13.563 0.417
-17.584   11.150  -12.855 0.417
  3.653    5.472   10.275 -0.834
  2.816    5.942   10.562 0.417
  3.255    4.843    9.700 0.417
-14.020    7.548    3.471 -0.834
-13.723    8.300    3.032 0.417
-14.003    7.744    4.375 0.417
-12.309   14.925    7.136 -0.834
-11.552   14.853    6.499 0.417
-11.810   15.003    7.987 0.417
 -0.176    3.862   17.888 -0.834
  0.398    3.217   17.384 0.417
  0.523    4.255   18.430 0.417
 -0.168    9.792  -14.480 -0.834
  0.273   10.362  -13.807 0.417
 -0.633    9.183  -13.951 0.417
-10.265   12.833   14.356 -0.834
 -9.333   12.961   14.414 0.417
-10.520   12.294   15.174 0.417
-16.741    9.755   -9.522 -0.834
-16.623   10.314  -10.277 0.417
-17.502    9.224   -9.857 0.417
 -7.151   15.375    6.653 -0.834
 -6.424   14.867    6.350 0.417
 -7.757   14.708    7.004 0.417
-13.262    3.712    6.178 -0.834
-12.917    4.220    5.441 0.417
-14.093    3.381    5.843 0.417
 -8.171   17.598    1.309 -0.834
 -8.803   17.629    2.074 0.417
 -8.386   18.399    0.840 0.417
-18.622   11.718   11.127 -0.834
-17.850   12.172   11.554 0.417
-18.943   11.061   11.774 0.417
-10.120   19.166   15.174 -0.834
-10.720   18.846   15.891 0.417
 -9.266   19.097   15.577 0.417
-13.117    6.827   15.132 -0.834
-13.335    6.501   14.198 0.417
-13.990    6.720   15.589 0.417
-13.297    6.593  -15.152 -0.834
-12.593    7.207  -15.239 0.417
-13.284    6.068  -15.987 0.417
  1.371   -2.115  -14.125 -0.834
  0.731   -2.810  -13.799 0.417
  2.157   -2.229  -13.621 0.417
  1.052   -5.510  -15.708 -0.834
  0.664   -5.975  -14.991 0.417
  1.791   -4.994  -15.253 0.417
 -8.935    8.816    4.528 -0.834
 -9.687    8.525    5.001 0.417
 -8.280    8.079    4.603 0.417
-11.893    9.357    5.179 -0.834
-12.419    9.729    5.895 0.417
-11.572    8.414    5.546 0.417
 -8.926   17.222    7.267 -0.834
 -8.769   17.549    8.221 0.417
 -8.247   16.451    7.072 0.417
-18.269   11.479    1.005 -0.834
-18.118   10.862    0.348 0.417
-18.239   10.976    1.853 0.417
  2.643    9.951   12.565 -0.834
  1.799    9.493   12.514 0.417
  3.225    9.166   12.828 0.417
 -5.856    7.712   15.317 -0.834
 -6.487    7.643   16.062 0.417
 -6.061    7.011   14.727 0.417
-12.910    2.613   17.614 -0.834
-13.894    2.435   17.632 0.417
-12.600    1.991   18.307 0.417
-12.889   17.051   -3.520 -0.834
-13.741   16.733   -3.249 0.417
-12.803   17.960   -3.232 0.417
 -4.220    1.074   14.906 -0.834
 -4.321    0.862   15.797 0.417
 -3.250    1.309   14.791 0.417
-11.767   18.772  -16.664 -0.834
-11.201   18.275  -16.113 0.417
-12.082   19.471  -16.044 0.417
-15.666   19.078    8.966 -0.834
-14.895   19.164    8.467 0.417
-16.080   18.301    8.580 0.417
-13.849   16.124   -8.843 -0.834
-13.748   16.551   -7.967 0.417
-13.363   16.696   -9.489 0.417
-14.056   10.005   17.555 -0.834
-14.565    9.721   18.312 0.417
-13.501    9.263   17.322 0.417
-10.497   19.714    8.657 -0.834
-10.010   19.551    7.781 0.417
 -9.798   19.991    9.334 0.417
-15.074   18.691   17.583 -0.834
-15.526   19.517   17.888 0.417
-15.789   18.140   17.209 0.417
 -8.107   13.506   -9.559 -0.834
 -8.901   13.627   -9.090 0.417
 -7.648   14.369   -9.549 0.417
-13.364   18.508  -10.693 -0.834
-14.034   18.183  -11.177 0.417
-13.662   19.353  -10.245 0.417
-14.659    9.958   -7.817 -0.834
-15.489    9.806   -8.267 0.417
-14.243   10.640   -8.384 0.417
 -2.734   13.646    0.485 -0.834
 -2.323   12.967    1.063 0.417
 -2.479   14.453    0.986 0.417
-11.212  -16.706    4.627 -0.834
-12.126  -16.430    4.750 0.417
-10.829  -16.091    4.019 0.417
-12.561  -18.940   14.760 -0.834
-12.143  -18.084   14.514 0.417
-12.552  -19.454   13.976 0.417
-19.148  -15.823   17.753 -0.834
-18.276  -16.222   17.993 0.417
-19.768  -16.555   17.885 0.417
-16.680  -18.561  -16.307 -0.834
-16.982  -18.737  -17.205 0.417
-15.782  -18.263  -16.467 0.417
 -3.904  -11.595   -9.372 -0.834
 -3.915  -10.610   -9.285 0.417
 -3.923  -11.652  -10.379 0.417
-11.622    2.836   -5.926 -0.834
-10.873    3.085   -6.522 0.417
-12.194    3.652   -5.888 0.417
  4.434  -15.226   13.071 -0.834
  5.249  -15.245   12.565 0.417
  4.297  -16.185   13.213 0.417
 -8.145  -15.478    9.839 -0.834
 -7.664  -16.276    9.523 0.417
 -8.668  -15.764   10.567 0.417
 -9.574   -0.458    7.064 -0.834
-10.532   -0.612    7.335 0.417
 -9.347   -1.197    6.429 0.417
 -1.521  -16.911  -18.622 -0.834
 -2.464  -16.792  -18.426 0.417
 -1.398  -17.860  -18.803 0.417
 -4.471  -14.018  -11.481 -0.834
 -3.602  -14.368  -11.188 0.417
 -4.777  -14.667  -12.133 0.417
-15.461  -17.395  -11.705 -0.834
-14.540  -17.298  -11.877 0.417
-15.566  -18.384  -11.637 0.417
  0.028  -12.920  -10.978 -0.834
  0.675  -12.285  -10.918 0.417
 -0.615  -12.427  -11.473 0.417
  2.010   -8.972   -1.553 -0.834
  2.719   -8.939   -2.299 0.417
  2.590   -8.860   -0.780 0.417
 -5.323  -17.212    9.301 -0.834
 -5.340  -16.370    8.811 0.417
 -5.459  -17.798    8.553 0.417
 -1.650  -13.022   -2.385 -0.834
 -1.585  -12.709   -3.298 0.417
 -2.602  -12.841   -2.216 0.417
-11.117    1.581  -14.240 -0.834
-11.295    2.232  -13.554 0.417
-10.643    2.008  -14.923 0.417
 -0.601   -7.636  -18.020 -0.834
 -0.285   -8.501  -18.402 0.417
 -0.909   -7.941  -17.154 0.417
  4.165  -13.181  -14.225 -0.834
  3.867  -13.390  -15.127 0.417
  3.362  -12.823  -13.749 0.417
 -7.207   -6.636   -7.832 -0.834
 -7.213   -6.452   -8.777 0.417
 -8.005   -6.206   -7.601 0.417
-13.333  -12.453  -10.354 -0.834
-13.897  -13.025   -9.704 0.417
-12.442  -12.708   -9.954 0.417
-19.818    3.403    1.361 -0.834
-19.699    3.585    2.346 0.417
-18.999    2.867    1.220 0.417
 -8.653   -3.993    3.148 -0.834
 -8.221   -4.874    3.087 0.417
 -9.414   -4.077    2.581 0.417
-14.219  -11.030    5.936 -0.834
-13.821  -10.823    5.053 0.417
-13.529  -11.567    6.363 0.417
 -2.743    9.681   13.676 -0.834
 -2.802   10.631   13.366 0.417
 -3.648    9.417   13.384 0.417
 -9.871   -2.515  -13.450 -0.834
-10.769   -2.533  -13.080 0.417
 -9.892   -3.298  -14.015 0.417
  2.412  -12.394   -7.335 -0.834
  1.852  -12.020   -6.612 0.417
  1.958  -13.231   -7.507 0.417
-15.346  -14.283  -14.977 -0.834
-14.941  -14.874  -15.605 0.417
-14.591  -14.215  -14.366 0.417
 -7.664   -5.095  -10.650 -0.834
 -8.151   -4.412  -11.117 0.417
 -8.432   -5.625  -10.230 0.417
-14.813  -18.301    4.688 -0.834
-14.504  -17.407    4.739 0.417
-15.831  -18.127    4.767 0.417
-14.512   -5.745   -6.788 -0.834
-13.721   -5.874   -6.291 0.417
-15.136   -6.009   -6.122 0.417
 -7.402   -6.842    3.181 -0.834
 -7.831   -6.794    4.069 0.417
 -6.484   -6.977    3.463 0.417
-16.314  -11.647  -16.599 -0.834
-15.506  -12.070  -16.916 0.417
-16.959  -12.273  -16.803 0.417
 -4.995   -5.474   -0.867 -0.834
 -4.258   -6.059   -0.762 0.417
 -5.254   -5.547   -1.812 0.417
 -4.573   -6.101   -6.582 -0.834
 -4.402   -5.297   -6.085 0.417
 -5.431   -5.968   -7.006 0.417
 -4.883   -3.658   -4.680 -0.834
 -5.810   -3.342   -4.765 0.417
 -4.275   -2.920   -5.050 0.417
 -6.035  -12.670    8.278 -0.834
 -6.373  -11.798    8.654 0.417
 -5.866  -13.292    9.029 0.417
-11.536    0.926   10.643 -0.834
-11.281    1.313   11.498 0.417
-11.523   -0.038   10.810 0.417
 -4.372  -16.112   11.949 -0.834
 -4.305  -16.597   11.167 0.417
 -4.313  -16.773   12.622 0.417
 -6.737    3.513  -12.674 -0.834
 -5.917    3.900  -12.311 0.417
 -6.331    2.803  -13.261 0.417
-15.711    5.675  -18.525 -0.834
-14.986    5.297  -18.091 0.417
-16.372    5.027  -18.487 0.417
 -9.970   -8.559  -16.566 -0.834
-10.726   -9.173  -16.578 0.417
 -9.467   -8.638  -17.339 0.417
 -9.450  -10.456   -8.685 -0.834
 -9.945   -9.657   -8.604 0.417
 -8.540  -10.154   -8.663 0.417
 -2.804   -1.962   -6.223 -0.834
