-17.250 -11.156 -10.371 -0.834
-17.890 -11.710 -10.002 0.417
-17.836 -10.755 -11.038 0.417
-10.252 -10.730 -14.925 0.417
-18.339 -13.319 -18.057 -0.834
-18.057 -14.261 -18.019 0.417
-19.222 -13.401 -18.517 0.417
-11.611 -9.939 -10.466 0.417
-10.257 -18.677 -18.333 0.417
-15.382 -11.875 -12.223 -0.834
-14.595 -12.081 -11.686 0.417
-15.998 -11.542 -11.578 0.417
-16.597 -15.313 -10.185 -0.834
-16.891 -14.728 -10.903 0.417
-16.183 -16.027 -10.673 0.417
-17.053 -10.209 -17.383 0.417
-17.290 -13.815 -12.460 -0.834
-17.533 -13.764 -13.439 0.417
-16.590 -13.145 -12.420 0.417
-18.495 -15.415 -10.010 0.417
-12.071 -10.399 -15.678 -0.834
-12.682 -10.989 -15.180 0.417
-16.680 -18.561 -16.307 -0.834
-16.982 -18.737 -17.205 0.417
-15.782 -18.263 -16.467 0.417
-15.461 -17.395 -11.705 -0.834
-14.540 -17.298 -11.877 0.417
-15.566 -18.384 -11.637 0.417
-13.333 -12.453 -10.354 -0.834
-12.442 -12.708 -9.954 0.417
-15.346 -14.283 -14.977 -0.834
-14.941 -14.874 -15.605 0.417
-14.591 -14.215 -14.366 0.417
-16.314 -11.647 -16.599 -0.834
-15.506 -12.070 -16.916 0.417
-16.959 -12.273 -16.803 0.417
-14.550 -10.933 -14.663 -0.834
-15.278 -11.160 -15.289 0.417
-15.061 -11.230 -13.883 0.417
-17.579 -16.225 -14.942 -0.834
-17.316 -17.066 -15.348 0.417
-16.781 -15.660 -14.952 0.417
-14.859 -18.389 -19.501 -0.834
-15.303 -18.890 -18.766 0.417
-13.969 -18.698 -19.414 0.417
-14.539 -13.246 -18.057 -0.834
-13.588 -13.373 -17.982 0.417
-14.791 -14.044 -18.566 0.417
-12.686 -19.772 -10.848 -0.834
-12.553 -19.804 -11.843 0.417
-11.781 -19.664 -10.574 0.417
-12.471 -15.492 -18.604 -0.834
-11.687 -15.418 -19.143 0.417
-13.217 -15.489 -19.232 0.417
-9.950 -14.395 -14.242 -0.834
-12.119 -16.482 -14.300 -0.834
-11.450 -15.775 -14.188 0.417
-12.930 -16.166 -13.831 0.417
-10.984 -15.914 -11.186 -0.834
-10.623 -14.999 -11.187 0.417
-11.274 -16.259 -10.339 0.417
-13.561 -14.856 -12.545 -0.834
-12.690 -15.164 -12.163 0.417
-13.879 -14.181 -11.884 0.417
-10.190 -12.785 -10.614 0.417
-13.745 -10.198 -19.636 -0.834
-13.046 -10.879 -19.329 0.417
-14.541 -10.736 -19.804 0.417
-13.860 -16.331 -16.296 -0.834
-13.268 -16.163 -17.051 0.417
-13.193 -16.592 -15.622 0.417
-19.312 -17.219 -12.886 -0.834
-18.512 -16.810 -13.297 0.417
-19.947 -16.571 -13.070 0.417
-19.551 -12.634 -10.860 -0.834
-19.798 -13.521 -10.905 0.417
-19.204 -12.437 -11.744 0.417
-17.722 -16.078 -18.800 -0.834
-17.299 -16.608 -19.440 0.417
-18.444 -16.594 -18.585 0.417
-16.562 -11.901 -19.684 -0.834
-17.453 -12.153 -19.423 0.417
-16.111 -12.225 -18.907 0.417
-18.686 -10.615 -12.827 -0.834
-18.667 -11.294 -13.556 0.417
-17.944 -10.047 -13.020 0.417
-12.428 -19.580 -16.522 -0.834
-12.364 -19.661 -17.497 0.417
-13.372 -19.766 -16.470 0.417
-18.867 -12.920 -14.922 -0.834
-18.799 -12.898 -15.863 0.417
-19.642 -13.451 -14.698 0.417
-11.422 -19.168 -13.649 -0.834
-12.072 -19.470 -14.307 0.417
-11.437 -18.199 -13.665 0.417
