-16.332   -9.918   -4.096 -0.834
-16.776   -9.549   -4.899 0.417
-16.908   -9.621   -3.373 0.417
-13.967  -15.124    0.891 -0.834
-13.922  -14.776    1.798 0.417
-13.408  -15.912    0.961 0.417
-15.431  -16.040    9.887 -0.834
-16.041  -16.840    9.980 0.417
-16.005  -15.345    9.422 0.417
-19.025   -5.993   18.567 -0.834
-18.863   -6.737   17.966 0.417
-19.381   -6.461   19.360 0.417
-14.814   -3.304   -7.928 -0.834
-13.917   -3.021   -8.184 0.417
-14.663   -4.168   -7.510 0.417
 -5.563  -14.206   10.556 -0.834
 -6.476  -14.681   10.532 0.417
 -5.016  -14.887   10.973 0.417
-11.676   -6.189    1.332 -0.834
-11.367   -6.652    2.112 0.417
-11.494   -6.884    0.645 0.417
 -8.538    6.026   11.373 -0.834
 -8.614    6.695   12.076 0.417
 -9.381    6.080   10.936 0.417
-16.214   -3.682  -18.690 -0.834
-16.219   -4.612  -18.804 0.417
-15.472   -3.420  -19.219 0.417
-13.795  -13.009   -1.558 -0.834
-13.218  -12.653   -0.848 0.417
-14.691  -12.938   -1.200 0.417
 -3.874   -5.299  -15.423 -0.834
 -3.930   -5.728  -16.274 0.417
 -3.195   -4.546  -15.555 0.417
-17.250  -11.156  -10.371 -0.834
-17.890  -11.710  -10.002 0.417
-17.836  -10.755  -11.038 0.417
-16.065   -3.805    2.109 -0.834
-15.130   -3.966    1.985 0.417
-16.345   -4.633    2.581 0.417
-17.009   -8.838    7.860 -0.834
-16.406   -9.032    7.129 0.417
-17.586   -8.225    7.430 0.417
-15.760  -12.963    7.081 -0.834
-15.344  -12.169    6.658 0.417
-16.214  -12.572    7.812 0.417
-12.828  -13.001   18.581 -0.834
-12.960  -12.450   19.327 0.417
-13.756  -13.244   18.263 0.417
 -9.326  -11.091  -15.014 -0.834
 -9.002  -11.129  -14.068 0.417
-10.252  -10.730  -14.925 0.417
-19.998  -14.333   -5.409 -0.834
-19.517  -14.010   -6.170 0.417
-19.392  -14.219   -4.653 0.417
-10.118  -10.844   -5.084 -0.834
-10.426  -10.247   -4.403 0.417
 -9.979  -11.736   -4.711 0.417
-12.036  -13.893    9.453 -0.834
-11.758  -14.794    9.599 0.417
-11.578  -13.455   10.237 0.417
  4.177   -5.729   18.126 -0.834
  3.534   -6.058   17.459 0.417
  5.062   -5.918   17.682 0.417
-13.684  -14.712    7.495 -0.834
-13.360  -14.369    8.363 0.417
-14.437  -14.148    7.280 0.417
 -7.111    9.660  -10.913 -0.834
 -7.422    9.796  -10.025 0.417
 -6.236    9.337  -10.788 0.417
-18.339  -13.319  -18.057 -0.834
-18.057  -14.261  -18.019 0.417
-19.222  -13.401  -18.517 0.417
-15.179    0.603   -8.761 -0.834
-14.534    0.782   -8.037 0.417
-14.616    0.914   -9.544 0.417
 -4.978    0.855   -7.169 -0.834
 -5.778    0.809   -6.708 0.417
 -5.327    1.057   -8.082 0.417
-18.661  -16.218    2.814 -0.834
-19.161  -16.575    2.087 0.417
-18.225  -16.923    3.138 0.417
-19.515   -4.863    2.476 -0.834
-19.356   -4.575    3.349 0.417
-19.688   -4.039    1.975 0.417
 -6.857   -6.205   13.479 -0.834
 -7.069   -6.447   14.356 0.417
 -6.477   -5.338   13.519 0.417
 -7.579    0.595   11.343 -0.834
 -7.670    0.621   12.303 0.417
 -7.719    1.526   11.063 0.417
-14.392    3.918   -7.041 -0.834
-15.160    3.622   -7.455 0.417
-13.963    4.336   -7.792 0.417
 -9.574  -12.396  -17.596 -0.834
 -9.239  -11.599  -18.006 0.417
 -9.752  -12.111  -16.692 0.417
-11.431    5.684   -7.789 -0.834
-10.877    5.542   -6.985 0.417
-11.195    6.595   -8.073 0.417
-15.731    2.752   -3.735 -0.834
-15.851    3.680   -4.112 0.417
-14.939    2.796   -3.224 0.417
-16.401   -6.311    3.583 -0.834
-16.570   -7.124    4.062 0.417
-15.439   -6.231    3.661 0.417
 -0.048  -18.039    6.164 -0.834
  0.414  -18.921    6.079 0.417
  0.667  -17.347    6.013 0.417
  2.572  -13.758  -16.522 -0.834
  1.705  -14.155  -16.170 0.417
  2.951  -14.341  -17.142 0.417
-12.218    8.346    0.641 -0.834
-11.345    8.234    1.114 0.417
-12.331    9.295    0.444 0.417
 -9.074  -14.635  -18.982 -0.834
 -8.862  -15.231  -18.246 0.417
 -9.343  -13.788  -18.507 0.417
 18.680    4.645    5.756 -0.834
 18.621    5.384    5.135 0.417
 19.060    4.974    6.580 0.417
-11.353  -15.686   -0.722 -0.834
-12.036  -16.389   -0.674 0.417
-11.957  -14.936   -0.847 0.417
-11.619   -2.681    3.275 -0.834
-12.484   -2.660    3.695 0.417
-11.569   -1.737    3.009 0.417
-15.658   -8.612    5.271 -0.834
-15.158   -9.303    5.678 0.417
-15.097   -7.852    5.578 0.417
-18.330   -4.325    9.166 -0.834
-17.880   -4.050    9.974 0.417
-19.237   -4.483    9.468 0.417
 -3.530    8.089  -17.819 -0.834
 -3.146    7.230  -17.501 0.417
 -4.467    7.856  -17.912 0.417
-11.624   12.914  -11.264 -0.834
-10.900   12.283  -11.266 0.417
-11.193   13.795  -11.432 0.417
-19.198    5.084  -14.477 -0.834
-19.421    6.065  -14.495 0.417
-18.205    5.163  -14.555 0.417
-15.701   -2.226  -12.831 -0.834
-16.697   -2.197  -12.678 0.417
-15.467   -1.245  -13.076 0.417
-11.108   -7.023  -14.679 -0.834
-11.881   -7.522  -14.557 0.417
-10.658   -7.443  -15.464 0.417
-17.292    0.969    4.504 -0.834
-17.411    0.945    3.556 0.417
-16.877    1.835    4.549 0.417
-17.572   -7.269   10.487 -0.834
-17.281   -7.927    9.830 0.417
-17.418   -6.458   10.008 0.417
 -8.719   11.586    4.226 -0.834
 -8.853   10.638    4.048 0.417
 -7.869   11.561    4.702 0.417
-17.826   -1.532  -17.788 -0.834
-17.368   -2.372  -17.797 0.417
-17.069   -0.880  -17.719 0.417
-14.952  -10.954   16.578 -0.834
-14.936  -10.111   17.059 0.417
-15.378  -10.776   15.743 0.417
-15.182   16.858   -2.213 -0.834
-15.854   16.220   -2.533 0.417
-15.016   16.600   -1.315 0.417
-10.414   15.305   16.263 -0.834
-10.047   15.826   17.009 0.417
 -9.737   15.511   15.531 0.417
 -7.610    7.307   17.360 -0.834
 -8.155    8.113   17.293 0.417
 -7.955    6.920   18.175 0.417
-18.669   16.142  -17.299 -0.834
-19.635   16.131  -17.037 0.417
-18.328   15.284  -16.967 0.417
-17.084   11.913  -11.022 -0.834
-16.227   12.387  -10.984 0.417
-17.775   12.579  -10.972 0.417
 -1.130    1.460    8.971 -0.834
 -2.097    1.288    8.721 0.417
 -0.926    0.691    9.591 0.417
-13.921   13.356    5.597 -0.834
-13.517   13.937    6.265 0.417
-14.818   13.791    5.496 0.417
-16.478    9.694    7.275 -0.834
-17.021    9.239    8.035 0.417
-17.110   10.250    6.887 0.417
 -4.656   14.738   12.731 -0.834
 -4.474   15.545   13.160 0.417
 -5.087   15.025   11.884 0.417
-10.936   10.446   -2.304 -0.834
-10.104   10.192   -1.919 0.417
-11.502   10.631   -1.509 0.417
 -1.580   12.007    2.329 -0.834
 -2.087   11.810    3.089 0.417
 -0.655   12.190    2.662 0.417
 -5.630   16.170   16.010 -0.834
 -5.210   16.753   15.304 0.417
 -4.931   15.483   16.044 0.417
-19.435    9.252  -18.417 -0.834
-18.537    9.562  -18.264 0.417
-19.414    8.335  -18.212 0.417
 -6.261   13.516   17.538 -0.834
 -6.658   13.364   16.663 0.417
 -6.871   12.963   18.063 0.417
 -6.388   -2.320   -1.378 -0.834
 -6.256   -2.586   -0.492 0.417
 -5.474   -2.169   -1.653 0.417
-10.142   18.394  -14.444 -0.834
-10.914   18.132  -14.008 0.417
 -9.715   19.003  -13.917 0.417
 -9.918   14.674   -8.066 -0.834
 -9.792   15.123   -7.205 0.417
-10.552   15.288   -8.455 0.417
-14.115   15.212  -12.437 -0.834
-14.491   15.849  -13.109 0.417
-13.198   15.079  -12.688 0.417
-18.713    4.132    3.737 -0.834
-18.765    3.924    4.731 0.417
-17.912    4.709    3.639 0.417
-13.418   17.780    7.400 -0.834
-13.160   16.904    7.215 0.417
-12.817   18.042    8.140 0.417
-11.916   12.876   -4.176 -0.834
-12.857   12.955   -4.219 0.417
-11.723   12.234   -3.503 0.417
-13.635  -17.326    8.059 -0.834
-14.201  -16.563    7.849 0.417
-12.825  -16.945    8.403 0.417
-10.661  -13.262   11.901 -0.834
-11.096  -12.764   12.634 0.417
-10.596  -14.162   12.222 0.417
 -4.586  -13.431  -17.499 -0.834
 -3.776  -13.142  -17.872 0.417
 -5.192  -13.300  -18.329 0.417
-12.429  -16.202   14.095 -0.834
-13.034  -15.596   13.494 0.417
-12.554  -15.905   15.028 0.417
-10.065   -7.124   -9.809 -0.834
-10.291   -7.902  -10.366 0.417
-10.528   -7.234   -8.982 0.417
-12.940  -17.926   -0.170 -0.834
-12.350  -18.381    0.528 0.417
-13.852  -18.204    0.035 0.417
 -9.105   -0.675   19.064 -0.834
 -9.633   -1.232   19.669 0.417
 -8.214   -1.042   19.229 0.417
 -6.109  -18.081  -17.008 -0.834
 -5.802  -17.319  -16.578 0.417
 -6.788  -18.423  -16.422 0.417
-11.177   -9.419  -11.173 -0.834
-11.817   -9.247  -11.852 0.417
-11.611   -9.939  -10.466 0.417
-10.922   -8.033   -7.266 -0.834
-11.772   -8.439   -7.007 0.417
-10.488   -7.806   -6.440 0.417
 -9.718  -19.360  -17.947 -0.834
 -9.633  -19.041  -16.984 0.417
-10.257  -18.677  -18.333 0.417
-15.382  -11.875  -12.223 -0.834
-14.595  -12.081  -11.686 0.417
-15.998  -11.542  -11.578 0.417
-16.597  -15.313  -10.185 -0.834
-16.891  -14.728  -10.903 0.417
-16.183  -16.027  -10.673 0.417
-16.724  -12.535   -0.675 -0.834
-17.228  -13.009   -0.036 0.417
-16.396  -11.712   -0.247 0.417
-17.109  -14.956   12.613 -0.834
-17.740  -15.480   13.150 0.417
-17.697  -14.490   12.020 0.417
-18.160  -11.735    8.662 -0.834
-18.320  -11.956    7.747 0.417
-18.166  -10.789    8.733 0.417
-19.263   -2.098   17.090 -0.834
-19.541   -1.208   17.352 0.417
-19.134   -2.051   16.147 0.417
-10.022  -12.125    4.948 -0.834
-10.411  -12.374    5.845 0.417
 -9.564  -11.344    5.187 0.417
-10.073  -15.815   12.805 -0.834
-10.944  -16.065   13.202 0.417
 -9.640  -16.675   12.665 0.417
-16.881   -9.675   -6.842 -0.834
-16.402   -9.100   -7.488 0.417
-16.560  -10.570   -7.038 0.417
-17.622  -14.194   -3.747 -0.834
-17.843  -13.839   -2.901 0.417
-16.699  -13.968   -3.874 0.417
-13.618    2.271  -17.681 -0.834
-14.450    2.035  -18.153 0.417
-13.141    1.472  -17.808 0.417
 11.804   -7.244  -12.948 -0.834
 11.543   -6.358  -13.269 0.417
 12.291   -7.070  -12.133 0.417
-15.983  -16.095   -0.582 -0.834
-16.858  -15.958   -0.868 0.417
-15.418  -15.273   -0.705 0.417
-17.656    0.472    1.631 -0.834
-17.068    0.821    0.945 0.417
-18.533    0.548    1.138 0.417
  0.613   -6.384   -8.934 -0.834
  0.739   -6.041   -9.782 0.417
 -0.381   -6.184   -8.750 0.417
 -8.508  -14.452   14.846 -0.834
 -8.837  -14.796   14.040 0.417
 -8.614  -13.521   14.859 0.417
-18.213  -10.482    4.515 -0.834
-17.868  -10.425    3.646 0.417
-18.140   -9.594    4.787 0.417
-15.873  -18.130   12.761 -0.834
-16.170  -17.728   11.989 0.417
-15.270  -17.438   13.098 0.417
 -5.474   -9.468    0.137 -0.834
 -5.838  -10.267    0.503 0.417
 -5.534   -9.580   -0.806 0.417
  6.124   -3.406   -3.193 -0.834
  6.948   -3.136   -2.756 0.417
  6.137   -2.952   -4.100 0.417
-11.124    8.437  -14.421 -0.834
-10.773    7.577  -14.642 0.417
-11.210    8.398  -13.467 0.417
-14.427   -5.196   -0.910 -0.834
-14.041   -4.661   -0.192 0.417
-14.131   -4.587   -1.669 0.417
 -3.717  -12.646    2.781 -0.834
 -4.360  -11.942    2.449 0.417
 -4.027  -13.440    2.379 0.417
  2.872   -1.559   -3.212 -0.834
  2.201   -2.136   -3.621 0.417
  2.335   -1.019   -2.575 0.417
 -9.895  -19.159   19.111 -0.834
-10.512  -18.550   18.631 0.417
 -9.368  -18.582   19.705 0.417
-19.258    0.647   17.424 -0.834
-19.837    1.202   16.855 0.417
-18.468    0.410   16.837 0.417
-14.542   -6.903  -15.411 -0.834
-14.327   -6.981  -16.388 0.417
-15.101   -6.106  -15.343 0.417
  7.849  -10.132   -0.827 -0.834
  7.170  -10.280   -0.137 0.417
  7.403   -9.581   -1.511 0.417
-15.448  -18.630    0.330 -0.834
-15.726  -17.806   -0.047 0.417
-15.765  -19.199   -0.429 0.417
-15.406    5.266   -4.800 -0.834
-16.362    5.500   -4.804 0.417
-15.242    4.897   -5.688 0.417
 -9.034  -19.513    7.664 -0.834
 -9.165  -18.577    7.475 0.417
 -9.442  -19.908    6.883 0.417
-13.420   -7.008    9.691 -0.834
-13.570   -6.114    9.972 0.417
-13.571   -7.501   10.481 0.417
-14.840   -6.256  -12.046 -0.834
-13.952   -6.578  -11.793 0.417
-14.992   -5.507  -11.472 0.417
-18.512  -12.246   11.838 -0.834
-19.222  -11.677   12.195 0.417
-18.457  -11.957   10.921 0.417
 -9.610  -13.614   -1.172 -0.834
 -9.312  -13.516   -0.269 0.417
-10.156  -14.411   -1.079 0.417
-18.322    1.942  -18.965 -0.834
-18.728    1.280  -18.408 0.417
-18.502    2.809  -18.507 0.417
-10.370    1.547  -17.000 -0.834
-10.399    2.471  -17.357 0.417
-10.713    0.954  -17.688 0.417
-19.245   14.044   -7.077 -0.834
-18.622   14.200   -6.344 0.417
-19.669   13.221   -6.771 0.417
-15.609    9.423    1.120 -0.834
-16.237    8.799    1.511 0.417
-15.406    9.044    0.208 0.417
-17.656   -9.429  -17.376 -0.834
-17.878   -9.247  -16.447 0.417
-17.053  -10.209  -17.383 0.417
-17.418    7.635    2.063 -0.834
-18.174    7.334    2.610 0.417
-17.859    7.873    1.227 0.417
-17.381    8.047   17.820 -0.834
-17.531    8.994   17.611 0.417
-18.029    7.756   18.500 0.417
-11.877  -12.110   14.105 -0.834
-11.717  -12.461   15.039 0.417
-11.271  -11.366   14.000 0.417
 -6.615  -10.231    9.453 -0.834
 -6.144   -9.609   10.062 0.417
 -7.401  -10.487    9.965 0.417
-19.177    3.668  -17.112 -0.834
-18.364    3.316  -16.660 0.417
-19.747    3.978  -16.360 0.417
-17.917    8.332  -12.674 -0.834
-18.442    8.514  -11.885 0.417
-18.504    7.737  -13.189 0.417
 -6.780    4.494   -6.908 -0.834
 -7.109    5.383   -6.713 0.417
 -6.944    3.918   -6.147 0.417
-19.005    8.021   -9.985 -0.834
-19.987    7.981   -9.957 0.417
-18.702    7.119   -9.737 0.417
-17.290  -13.815  -12.460 -0.834
-17.533  -13.764  -13.439 0.417
-16.590  -13.145  -12.420 0.417
-13.089   -0.542   -2.665 -0.834
-12.483    0.118   -3.043 0.417
-13.685   -0.864   -3.412 0.417
 -6.664    4.461   16.785 -0.834
 -6.761    5.164   17.434 0.417
 -6.307    3.713   17.244 0.417
-17.166   -4.957   14.374 -0.834
-17.721   -5.193   15.123 0.417
-16.393   -5.451   14.503 0.417
-14.821    0.890    7.387 -0.834
-15.382    1.606    7.646 0.417
-14.804    0.211    8.107 0.417
-10.661   18.413   -1.977 -0.834
-10.709   17.725   -1.291 0.417
 -9.895   18.114   -2.489 0.417
 -3.808    2.403  -16.218 -0.834
 -3.637    2.881  -15.378 0.417
 -3.573    3.065  -16.914 0.417
 -6.460    2.220  -17.252 -0.834
 -7.035    2.475  -16.538 0.417
 -5.572    2.404  -16.926 0.417
-10.475    8.541   10.151 -0.834
 -9.585    8.418    9.686 0.417
-10.803    7.671   10.239 0.417
-16.995   13.969   -5.251 -0.834
-16.251   14.208   -5.841 0.417
-16.897   13.042   -5.075 0.417
-11.611   -1.835   10.992 -0.834
-12.032   -2.230   10.210 0.417
-11.583   -2.549   11.641 0.417
-14.803   17.740    0.512 -0.834
-14.483   18.488    0.028 0.417
-15.762   17.952    0.773 0.417
 -4.674    6.968   11.402 -0.834
 -5.547    6.736   10.928 0.417
 -4.932    7.620   12.033 0.417
-11.819    3.465  -12.363 -0.834
-10.993    3.937  -12.297 0.417
-12.483    4.117  -12.688 0.417
 -9.071   -5.250  -14.282 -0.834
 -9.950   -5.459  -14.592 0.417
 -8.599   -6.121  -14.283 0.417
 -0.341    5.552   -2.551 -0.834
  0.182    6.346   -2.501 0.417
 -1.266    5.858   -2.619 0.417
-13.016   14.157    3.048 -0.834
-13.782   14.085    2.457 0.417
-13.284   13.608    3.800 0.417
-13.003   14.755   15.342 -0.834
-12.400   14.991   15.995 0.417
-13.065   13.804   15.464 0.417
-17.914    5.452   -1.806 -0.834
-17.826    5.923   -2.606 0.417
-18.728    5.869   -1.396 0.417
-18.317    5.667    6.332 -0.834
-17.420    5.907    6.426 0.417
-18.515    5.227    7.126 0.417
  3.331    1.619   -1.931 -0.834
  3.137    2.516   -1.544 0.417
  2.663    0.985   -1.550 0.417
-18.246   14.617   14.408 -0.834
-18.209   14.662   15.420 0.417
-17.432   15.011   14.179 0.417
 -5.300    9.177   13.075 -0.834
 -5.425    8.887   13.996 0.417
 -6.231    9.183   12.748 0.417
-10.914   17.628   -9.139 -0.834
-11.399   18.463   -9.333 0.417
-10.805   17.683   -8.136 0.417
 -3.493   -2.830    1.006 -0.834
 -2.774   -2.994    0.295 0.417
 -3.970   -3.703    1.082 0.417
 -8.069   16.535   12.386 -0.834
 -8.561   16.173   13.148 0.417
 -7.757   15.723   11.845 0.417
-16.210    3.318    6.067 -0.834
-15.889    3.684    6.901 0.417
-17.165    3.196    6.248 0.417
-18.375   10.100   16.358 -0.834
-18.272   10.712   15.618 0.417
-19.088   10.549   16.843 0.417
-14.786   15.728  -18.104 -0.834
-14.253   15.733  -18.902 0.417
-15.411   16.462  -18.332 0.417
  1.955   12.145   -7.880 -0.834
  2.028   12.757   -7.174 0.417
  2.702   12.400   -8.501 0.417
-12.514    9.742   11.971 -0.834
-11.884    9.155   11.492 0.417
-13.222    9.096   12.064 0.417
-12.565   11.116    0.100 -0.834
-13.422   11.264   -0.334 0.417
-12.686   11.542    1.014 0.417
-17.843   16.500    5.355 -0.834
-17.109   16.045    4.935 0.417
-17.597   17.436    5.199 0.417
-10.854   18.558   18.491 -0.834
-10.109   17.964   18.496 0.417
-10.518   19.356   18.944 0.417
 -8.563   13.795   -0.051 -0.834
 -9.108   13.629   -0.834 0.417
 -9.124   13.721    0.759 0.417
 -8.050   15.322   14.900 -0.834
 -7.928   14.397   14.787 0.417
 -7.182   15.651   15.219 0.417
-13.200   17.116    2.652 -0.834
-13.097   16.138    2.827 0.417
-13.771   17.169    1.908 0.417
 -1.363   15.088    5.879 -0.834
 -1.313   15.420    4.981 0.417
 -1.991   15.716    6.359 0.417
-13.869   15.299   19.590 -0.834
-14.501   15.415   18.908 0.417
-13.638   14.387   19.519 0.417
 -3.990   17.713   11.203 -0.834
 -3.036   17.525   10.948 0.417
 -4.293   18.267   10.432 0.417
-13.960   16.974   14.283 -0.834
-13.562   17.353   15.061 0.417
-13.197   16.869   13.683 0.417
-16.049   12.492    0.099 -0.834
-16.045   11.770   -0.607 0.417
-16.883   12.282    0.546 0.417
-13.666   12.822   10.600 -0.834
-12.807   12.842   11.097 0.417
-13.370   12.523    9.704 0.417
-15.938   13.760  -14.358 -0.834
-16.316   14.308  -13.637 0.417
-16.706   13.253  -14.618 0.417
 -8.387   14.832   -4.054 -0.834
 -8.331   13.875   -3.795 0.417
 -9.152   15.107   -3.614 0.417
 -0.600   19.416   11.031 -0.834
 -0.618   18.448   11.348 0.417
 -0.105   19.358   10.220 0.417
-13.397   17.068   -6.343 -0.834
-13.152   16.670   -5.550 0.417
-13.286   18.036   -6.135 0.417
-18.235   19.532  -12.241 -0.834
-19.239   19.599  -12.280 0.417
-18.064   18.964  -11.458 0.417
  0.759   17.628    5.956 -0.834
  0.104   17.147    5.343 0.417
  1.278   18.219    5.409 0.417
-19.253  -15.531   -9.421 -0.834
-19.574  -16.432   -9.661 0.417
-18.495  -15.415  -10.010 0.417
-14.644  -14.612   -3.954 -0.834
-14.116  -13.936   -3.539 0.417
-14.408  -15.378   -3.463 0.417
-18.111  -14.415    9.541 -0.834
-18.062  -13.498    9.263 0.417
-18.985  -14.688    9.145 0.417
 -9.296  -13.279   -4.117 -0.834
 -9.099  -13.088   -3.164 0.417
 -9.873  -14.028   -4.002 0.417
  6.897   -7.906  -19.321 -0.834
  6.514   -8.720  -19.696 0.417
  7.875   -8.073  -19.447 0.417
-17.811  -18.294    4.878 -0.834
-18.536  -18.909    4.710 0.417
-17.875  -18.195    5.900 0.417
 -8.237   -0.386  -10.042 -0.834
 -7.721    0.405  -10.134 0.417
 -7.565   -1.095  -10.099 0.417
-12.136   -9.397    8.950 -0.834
-12.531   -8.725    9.507 0.417
-12.846  -10.008    8.783 0.417
-15.353  -13.368   17.534 -0.834
-16.158  -13.824   17.198 0.417
-15.370  -12.514   17.090 0.417
 -9.107  -11.584   10.315 -0.834
 -9.261  -12.213    9.538 0.417
 -9.639  -12.029   10.974 0.417
-12.973  -17.776   -6.589 -0.834
-13.815  -17.199   -6.465 0.417
-13.308  -18.597   -6.258 0.417
 -2.188  -14.229  -14.124 -0.834
 -2.780  -13.684  -14.620 0.417
 -2.449  -15.131  -14.331 0.417
-15.972  -12.301   -7.224 -0.834
-15.423  -12.807   -7.862 0.417
-16.829  -12.680   -7.456 0.417
 -8.951  -10.120    6.882 -0.834
 -8.605  -10.519    7.655 0.417
 -8.095   -9.905    6.383 0.417
  2.133  -17.114   -0.157 -0.834
  2.929  -17.404    0.262 0.417
  1.486  -17.172    0.561 0.417
  0.975  -12.700   10.576 -0.834
  1.781  -13.270   10.419 0.417
  1.289  -12.181   11.305 0.417
 -7.507  -10.549  -17.785 -0.834
 -7.092  -10.160  -17.013 0.417
 -7.018  -11.359  -17.961 0.417
 -8.823  -10.390  -12.072 -0.834
 -9.557   -9.828  -11.947 0.417
 -9.134  -11.212  -11.702 0.417
-18.162  -16.794   -4.602 -0.834
-17.799  -15.919   -4.455 0.417
-17.883  -17.001   -5.578 0.417
 -3.867   -7.407   -3.092 -0.834
 -4.648   -7.231   -3.609 0.417
 -4.113   -8.124   -2.489 0.417
-18.101   -8.376   -2.107 -0.834
-18.861   -8.322   -2.695 0.417
-17.742   -7.465   -2.145 0.417
-10.780   -6.096   -2.660 -0.834
 -9.938   -5.802   -2.262 0.417
-10.606   -7.001   -2.898 0.417
-16.542  -10.132    2.419 -0.834
-15.602   -9.984    2.654 0.417
-16.552   -9.811    1.495 0.417
-17.076  -15.857    6.959 -0.834
-16.442  -15.454    6.376 0.417
-17.335  -15.170    7.592 0.417
-19.250  -17.062   13.461 -0.834
-19.256  -17.491   14.315 0.417
-19.609  -16.191   13.743 0.417
 -9.333   -7.566   15.503 -0.834
-10.126   -7.052   15.227 0.417
 -9.061   -7.055   16.214 0.417
 -1.559   -3.866  -16.160 -0.834
 -1.390   -3.512  -17.032 0.417
 -0.887   -4.593  -16.039 0.417
 -4.570  -16.726  -12.593 -0.834
 -4.542  -17.259  -11.843 0.417
 -4.067  -17.260  -13.230 0.417
 -6.866  -15.465  -13.441 -0.834
 -7.566  -16.068  -13.062 0.417
 -6.041  -15.838  -13.035 0.417
-14.292  -15.574    4.418 -0.834
-13.998  -15.297    5.300 0.417
-14.843  -14.832    4.144 0.417
 -3.679   -0.505   -4.130 -0.834
 -3.040   -0.841   -4.808 0.417
 -3.146    0.132   -3.612 0.417
 -9.705   -5.934   -5.680 -0.834
 -9.408   -5.933   -4.774 0.417
-10.678   -5.774   -5.650 0.417
 -3.992   -2.203   -8.590 -0.834
 -3.305   -2.298   -9.316 0.417
 -4.814   -2.479   -9.058 0.417
 -4.602  -18.448   -1.754 -0.834
 -3.984  -18.049   -2.434 0.417
 -5.426  -17.989   -1.891 0.417
-12.170   -0.249  -18.005 -0.834
-12.743   -0.130  -18.753 0.417
-11.671   -1.077  -18.115 0.417
 -6.337    6.432  -13.471 -0.834
 -6.149    6.261  -12.518 0.417
 -6.645    7.375  -13.468 0.417
 -4.973   -8.751  -10.194 -0.834
 -4.364   -9.047  -10.896 0.417
 -5.071   -7.806  -10.455 0.417
 -0.470   -0.187    4.413 -0.834
  0.399    0.251    4.331 0.417
 -0.245   -1.124    4.418 0.417
 -9.726   -8.552    0.959 -0.834
 -9.107   -8.927    1.654 0.417
 -9.656   -9.109    0.238 0.417
 -8.527  -13.925    1.702 -0.834
 -7.954  -14.333    2.431 0.417
 -9.446  -14.061    2.100 0.417
-11.682   -4.716    5.150 -0.834
-11.010   -4.921    5.736 0.417
-11.264   -4.047    4.564 0.417
 10.868    8.734  -17.269 -0.834
 10.991    9.422  -17.981 0.417
 11.515    8.043  -17.516 0.417
 -6.088    6.462  -17.714 -0.834
 -6.333    7.388  -17.461 0.417
 -6.512    5.916  -17.000 0.417
 -8.835   12.860  -18.664 -0.834
 -8.617   12.035  -19.026 0.417
 -9.094   12.669  -17.759 0.417
  4.449   16.400  -12.116 -0.834
  5.434   16.551  -12.143 0.417
  4.142   16.332  -13.058 0.417
 -5.665   14.997   -4.341 -0.834
 -6.636   14.868   -4.261 0.417
 -5.590   15.230   -5.279 0.417
  1.008  -16.730   -4.827 -0.834
  0.390  -15.964   -4.916 0.417
  1.768  -16.408   -5.251 0.417
 -2.690   -7.275   10.317 -0.834
 -3.519   -6.839   10.591 0.417
 -2.943   -8.144    9.939 0.417
-13.200   -3.341   -2.816 -0.834
-12.857   -3.351   -3.673 0.417
-12.891   -2.498   -2.432 0.417
-14.220   -2.484    4.024 -0.834
-14.894   -2.674    3.341 0.417
-14.250   -1.515    4.094 0.417
  4.714    1.300    8.954 -0.834
  4.446    1.591    8.048 0.417
  5.209    2.035    9.317 0.417
 -5.397   -1.890  -16.787 -0.834
 -5.725   -2.345  -16.037 0.417
 -6.158   -1.394  -17.122 0.417
-15.247    0.139  -14.525 -0.834
-15.231    1.053  -14.154 0.417
-14.337    0.031  -14.799 0.417
-10.750    2.403    8.404 -0.834
-11.576    2.852    8.305 0.417
-10.857    1.926    9.253 0.417
-18.385   -2.645   -5.645 -0.834
-18.775   -3.520   -5.580 0.417
-19.141   -2.016   -5.949 0.417
 -8.913   -4.213    0.150 -0.834
 -8.779   -5.123   -0.302 0.417
 -8.064   -4.060    0.591 0.417
  2.578    3.665    3.229 -0.834
  3.396    3.499    2.734 0.417
  1.920    3.775    2.561 0.417
-10.216   -1.940   -3.561 -0.834
 -9.424   -1.834   -4.078 0.417
-10.059   -1.416   -2.766 0.417
-17.631   -0.380   -9.162 -0.834
-17.949   -0.575   -8.299 0.417
-16.653   -0.283   -9.077 0.417
 -7.801   -8.646   11.965 -0.834
 -7.720   -7.730   12.149 0.417
 -8.615   -8.646   11.486 0.417
-13.013    5.343   12.803 -0.834
-13.938    5.093   13.100 0.417
-12.532    4.995   13.508 0.417
 -4.842   -4.782  -18.547 -0.834
 -4.714   -3.877  -18.840 0.417
 -5.825   -4.781  -18.413 0.417
-12.071  -10.399  -15.678 -0.834
-12.636   -9.660  -16.088 0.417
-12.682  -10.989  -15.180 0.417
 -9.791    6.935  -18.027 -0.834
-10.603    7.288  -18.480 0.417
 -9.477    7.672  -17.376 0.417
-10.941   13.382   11.598 -0.834
-10.702   12.548   11.121 0.417
-10.814   13.114   12.523 0.417
-12.875    6.008   -3.795 -0.834
-12.695    6.912   -4.006 0.417
-13.715    5.889   -4.266 0.417
 -8.415    3.121   -0.545 -0.834
 -7.587    3.205   -0.018 0.417
 -9.184    3.266    0.095 0.417
  1.033    7.960   -2.407 -0.834
  1.033    8.956   -2.379 0.417
  1.925    7.777   -2.825 0.417
-11.543   11.011  -19.140 -0.834
-11.756   11.664  -18.486 0.417
-12.191   10.305  -18.933 0.417
 -0.599   16.861    3.848 -0.834
 -0.612   17.833    3.651 0.417
 -1.025   16.454    3.026 0.417
-10.077   18.910    2.513 -0.834
-10.245   18.506    3.457 0.417
-10.853   18.717    1.948 0.417
-13.751    7.735   -6.332 -0.834
-13.537    8.358   -7.002 0.417
-12.910    7.243   -6.152 0.417
 -6.245    5.794  -10.480 -0.834
 -7.174    5.669  -10.233 0.417
 -5.852    5.751   -9.626 0.417
 -8.580    0.031   14.330 -0.834
 -9.257    0.735   14.495 0.417
 -8.817   -0.665   14.947 0.417
-16.604   -0.006   16.503 -0.834
-16.646   -0.905   16.141 0.417
-16.475    0.554   15.622 0.417
 -4.502    6.311   17.716 -0.834
 -4.891    7.146   17.683 0.417
 -4.551    5.975   16.834 0.417
 -6.374   10.844   16.012 -0.834
 -7.039   10.601   16.641 0.417
 -5.591   10.739   16.544 0.417
 -3.665   18.240   18.854 -0.834
 -3.807   17.407   19.375 0.417
 -4.496   18.528   18.513 0.417
-16.259   13.268   11.520 -0.834
-15.303   13.107   11.390 0.417
-16.330   13.920   12.193 0.417
-17.480   10.670  -13.743 -0.834
-17.328    9.751  -13.563 0.417
-17.584   11.150  -12.855 0.417
  3.653    5.472   10.275 -0.834
  2.816    5.942   10.562 0.417
  3.255    4.843    9.700 0.417
-14.020    7.548    3.471 -0.834
-13.723    8.300    3.032 0.417
-14.003    7.744    4.375 0.417
-12.309   14.925    7.136 -0.834
-11.552   14.853    6.499 0.417
-11.810   15.003    7.987 0.417
 -0.176    3.862   17.888 -0.834
  0.398    3.217   17.384 0.417
  0.523    4.255   18.430 0.417
 -0.168    9.792  -14.480 -0.834
  0.273   10.362  -13.807 0.417
 -0.633    9.183  -13.951 0.417
-10.265   12.833   14.356 -0.834
 -9.333   12.961   14.414 0.417
-10.520   12.294   15.174 0.417
-16.741    9.755   -9.522 -0.834
-16.623   10.314  -10.277 0.417
-17.502    9.224   -9.857 0.417
 -7.151   15.375    6.653 -0.834
 -6.424   14.867    6.350 0.417
 -7.757   14.708    7.004 0.417
-13.262    3.712    6.178 -0.834
-12.917    4.220    5.441 0.417
-14.093    3.381    5.843 0.417
 -8.171   17.598    1.309 -0.834
 -8.803   17.629    2.074 0.417
 -8.386   18.399    0.840 0.417
-18.622   11.718   11.127 -0.834
-17.850   12.172   11.554 0.417
-18.943   11.061   11.774 0.417
-10.120   19.166   15.174 -0.834
-10.720   18.846   15.891 0.417
 -9.266   19.097   15.577 0.417
-13.117    6.827   15.132 -0.834
-13.335    6.501   14.198 0.417
-13.990    6.720   15.589 0.417
-13.297    6.593  -15.152 -0.834
-12.593    7.207  -15.239 0.417
-13.284    6.068  -15.987 0.417
  1.371   -2.115  -14.125 -0.834
  0.731   -2.810  -13.799 0.417
  2.157   -2.229  -13.621 0.417
  1.052   -5.510  -15.708 -0.834
  0.664   -5.975  -14.991 0.417
  1.791   -4.994  -15.253 0.417
 -8.935    8.816    4.528 -0.834
 -9.687    8.525    5.001 0.417
 -8.280    8.079    4.603 0.417
-11.893    9.357    5.179 -0.834
-12.419    9.729    5.895 0.417
-11.572    8.414    5.546 0.417
 -8.926   17.222    7.267 -0.834
 -8.769   17.549    8.221 0.417
 -8.247   16.451    7.072 0.417
-18.269   11.479    1.005 -0.834
-18.118   10.862    0.348 0.417
-18.239   10.976    1.853 0.417
  2.643    9.951   12.565 -0.834
  1.799    9.493   12.514 0.417
  3.225    9.166   12.828 0.417
 -5.856    7.712   15.317 -0.834
 -6.487    7.643   16.062 0.417
 -6.061    7.011   14.727 0.417
-12.910    2.613   17.614 -0.834
-13.894    2.435   17.632 0.417
-12.600    1.991   18.307 0.417
-12.889   17.051   -3.520 -0.834
-13.741   16.733   -3.249 0.417
-12.803   17.960   -3.232 0.417
 -4.220    1.074   14.906 -0.834
 -4.321    0.862   15.797 0.417
 -3.250    1.309   14.791 0.417
-11.767   18.772  -16.664 -0.834
-11.201   18.275  -16.113 0.417
-12.082   19.471  -16.044 0.417
-15.666   19.078    8.966 -0.834
-14.895   19.164    8.467 0.417
-16.080   18.301    8.580 0.417
-13.849   16.124   -8.843 -0.834
-13.748   16.551   -7.967 0.417
-13.363   16.696   -9.489 0.417
-14.056   10.005   17.555 -0.834
-14.565    9.721   18.312 0.417
-13.501    9.263   17.322 0.417
-10.497   19.714    8.657 -0.834
-10.010   19.551    7.781 0.417
 -9.798   19.991    9.334 0.417
-15.074   18.691   17.583 -0.834
-15.526   19.517   17.888 0.417
-15.789   18.140   17.209 0.417
 -8.107   13.506   -9.559 -0.834
 -8.901   13.627   -9.090 0.417
 -7.648   14.369   -9.549 0.417
-13.364   18.508  -10.693 -0.834
-14.034   18.183  -11.177 0.417
-13.662   19.353  -10.245 0.417
-14.659    9.958   -7.817 -0.834
-15.489    9.806   -8.267 0.417
-14.243   10.640   -8.384 0.417
 -2.734   13.646    0.485 -0.834
 -2.323   12.967    1.063 0.417
 -2.479   14.453    0.986 0.417
-11.212  -16.706    4.627 -0.834
-12.126  -16.430    4.750 0.417
-10.829  -16.091    4.019 0.417
-12.561  -18.940   14.760 -0.834
-12.143  -18.084   14.514 0.417
-12.552  -19.454   13.976 0.417
-19.148  -15.823   17.753 -0.834
-18.276  -16.222   17.993 0.417
-19.768  -16.555   17.885 0.417
-16.680  -18.561  -16.307 -0.834
-16.982  -18.737  -17.205 0.417
-15.782  -18.263  -16.467 0.417
 -3.904  -11.595   -9.372 -0.834
 -3.915  -10.610   -9.285 0.417
 -3.923  -11.652  -10.379 0.417
-11.622    2.836   -5.926 -0.834
-10.873    3.085   -6.522 0.417
-12.194    3.652   -5.888 0.417
  4.434  -15.226   13.071 -0.834
  5.249  -15.245   12.565 0.417
  4.297  -16.185   13.213 0.417
 -8.145  -15.478    9.839 -0.834
 -7.664  -16.276    9.523 0.417
 -8.668  -15.764   10.567 0.417
 -9.574   -0.458    7.064 -0.834
-10.532   -0.612    7.335 0.417
 -9.347   -1.197    6.429 0.417
 -1.521  -16.911  -18.622 -0.834
 -2.464  -16.792  -18.426 0.417
 -1.398  -17.860  -18.803 0.417
 -4.471  -14.018  -11.481 -0.834
 -3.602  -14.368  -11.188 0.417
 -4.777  -14.667  -12.133 0.417
-15.461  -17.395  -11.705 -0.834
-14.540  -17.298  -11.877 0.417
-15.566  -18.384  -11.637 0.417
  0.028  -12.920  -10.978 -0.834
  0.675  -12.285  -10.918 0.417
 -0.615  -12.427  -11.473 0.417
  2.010   -8.972   -1.553 -0.834
  2.719   -8.939   -2.299 0.417
  2.590   -8.860   -0.780 0.417
 -5.323  -17.212    9.301 -0.834
 -5.340  -16.370    8.811 0.417
 -5.459  -17.798    8.553 0.417
 -1.650  -13.022   -2.385 -0.834
 -1.585  -12.709   -3.298 0.417
 -2.602  -12.841   -2.216 0.417
-11.117    1.581  -14.240 -0.834
-11.295    2.232  -13.554 0.417
-10.643    2.008  -14.923 0.417
 -0.601   -7.636  -18.020 -0.834
 -0.285   -8.501  -18.402 0.417
 -0.909   -7.941  -17.154 0.417
  4.165  -13.181  -14.225 -0.834
  3.867  -13.390  -15.127 0.417
  3.362  -12.823  -13.749 0.417
 -7.207   -6.636   -7.832 -0.834
 -7.213   -6.452   -8.777 0.417
 -8.005   -6.206   -7.601 0.417
-13.333  -12.453  -10.354 -0.834
-13.897  -13.025   -9.704 0.417
-12.442  -12.708   -9.954 0.417
-19.818    3.403    1.361 -0.834
-19.699    3.585    2.346 0.417
-18.999    2.867    1.220 0.417
 -8.653   -3.993    3.148 -0.834
 -8.221   -4.874    3.087 0.417
 -9.414   -4.077    2.581 0.417
-14.219  -11.030    5.936 -0.834
-13.821  -10.823    5.053 0.417
-13.529  -11.567    6.363 0.417
 -2.743    9.681   13.676 -0.834
 -2.802   10.631   13.366 0.417
 -3.648    9.417   13.384 0.417
 -9.871   -2.515  -13.450 -0.834
-10.769   -2.533  -13.080 0.417
 -9.892   -3.298  -14.015 0.417
  2.412  -12.394   -7.335 -0.834
  1.852  -12.020   -6.612 0.417
  1.958  -13.231   -7.507 0.417
-15.346  -14.283  -14.977 -0.834
-14.941  -14.874  -15.605 0.417
-14.591  -14.215  -14.366 0.417
 -7.664   -5.095  -10.650 -0.834
 -8.151   -4.412  -11.117 0.417
 -8.432   -5.625  -10.230 0.417
-14.813  -18.301    4.688 -0.834
-14.504  -17.407    4.739 0.417
-15.831  -18.127    4.767 0.417
-14.512   -5.745   -6.788 -0.834
-13.721   -5.874   -6.291 0.417
-15.136   -6.009   -6.122 0.417
 -7.402   -6.842    3.181 -0.834
 -7.831   -6.794    4.069 0.417
 -6.484   -6.977    3.463 0.417
-16.314  -11.647  -16.599 -0.834
-15.506  -12.070  -16.916 0.417
-16.959  -12.273  -16.803 0.417
 -4.995   -5.474   -0.867 -0.834
 -4.258   -6.059   -0.762 0.417
 -5.254   -5.547   -1.812 0.417
 -4.573   -6.101   -6.582 -0.834
 -4.402   -5.297   -6.085 0.417
 -5.431   -5.968   -7.006 0.417
 -4.883   -3.658   -4.680 -0.834
 -5.810   -3.342   -4.765 0.417
 -4.275   -2.920   -5.050 0.417
 -6.035  -12.670    8.278 -0.834
 -6.373  -11.798    8.654 0.417
 -5.866  -13.292    9.029 0.417
-11.536    0.926   10.643 -0.834
-11.281    1.313   11.498 0.417
-11.523   -0.038   10.810 0.417
 -4.372  -16.112   11.949 -0.834
 -4.305  -16.597   11.167 0.417
 -4.313  -16.773   12.622 0.417
 -6.737    3.513  -12.674 -0.834
 -5.917    3.900  -12.311 0.417
 -6.331    2.803  -13.261 0.417
-15.711    5.675  -18.525 -0.834
-14.986    5.297  -18.091 0.417
-16.372    5.027  -18.487 0.417
 -9.970   -8.559  -16.566 -0.834
-10.726   -9.173  -16.578 0.417
 -9.467   -8.638  -17.339 0.417
 -9.450  -10.456   -8.685 -0.834
 -9.945   -9.657   -8.604 0.417
 -8.540  -10.154   -8.663 0.417
 -2.804   -1.962   -6.223 -0.834
 -2.508   -2.915   -6.250 0.417
 -3.132   -1.918   -7.145 0.417
-17.995   -2.204    1.122 -0.834
-17.227   -2.675    1.598 0.417
-17.827   -1.242    1.265 0.417
 -6.447   -4.760    1.435 -0.834
 -5.897   -5.041    0.726 0.417
 -6.578   -5.530    1.979 0.417
-12.004   -3.094    8.597 -0.834
-12.612   -3.309    7.856 0.417
-11.729   -2.162    8.310 0.417
 -1.413   -4.224    6.957 -0.834
 -2.159   -3.739    6.479 0.417
 -1.428   -5.174    6.675 0.417
 -8.544  -17.650   -0.415 -0.834
 -9.269  -17.069   -0.270 0.417
 -8.454  -18.138    0.401 0.417
  1.969    2.337   11.122 -0.834
  1.598    2.329   10.260 0.417
  2.906    2.787   11.039 0.417
 -4.360    2.903   18.615 -0.834
 -3.757    3.661   18.665 0.417
 -3.746    2.148   18.657 0.417
 -6.932  -17.086   -9.851 -0.834
 -7.197  -17.527  -10.705 0.417
 -5.990  -17.151   -9.888 0.417
-14.550  -10.933  -14.663 -0.834
-15.278  -11.160  -15.289 0.417
-15.061  -11.230  -13.883 0.417
-10.187    5.619   -5.270 -0.834
 -9.344    5.876   -4.836 0.417
-10.804    6.145   -4.725 0.417
  8.957    1.722  -14.497 -0.834
  8.135    1.403  -14.937 0.417
  8.661    2.493  -13.925 0.417
-16.703   -1.229   -2.697 -0.834
-16.087   -0.728   -2.175 0.417
-16.384   -1.065   -3.592 0.417
-13.403   -4.046    1.463 -0.834
-12.843   -4.840    1.200 0.417
-12.795   -3.549    2.021 0.417
-15.616    6.376   16.209 -0.834
-15.490    5.829   17.007 0.417
-16.256    7.049   16.456 0.417
 -5.082  -14.990    7.460 -0.834
 -5.408  -14.066    7.510 0.417
 -4.171  -14.925    7.140 0.417
-13.438    9.156    9.103 -0.834
-12.443    9.127    9.247 0.417
-13.493    9.741    8.296 0.417
-18.557  -16.020   -1.373 -0.834
-18.464  -16.950   -1.753 0.417
-19.411  -15.718   -1.744 0.417
-13.752   -6.495    4.232 -0.834
-12.943   -6.178    3.871 0.417
-13.749   -6.199    5.132 0.417
  0.255    5.983  -16.871 -0.834
  0.472    6.411  -16.046 0.417
 -0.132    5.098  -16.674 0.417
-16.752    2.876  -16.299 -0.834
-17.338    2.334  -15.752 0.417
-15.894    2.410  -16.219 0.417
 -2.095    8.143  -13.552 -0.834
 -2.826    8.506  -14.038 0.417
 -2.526    7.472  -13.020 0.417
-11.057   -0.393  -10.607 -0.834
-10.110   -0.334  -10.826 0.417
-11.449   -0.798  -11.414 0.417
-12.466    3.313    2.010 -0.834
-12.691    2.777    2.738 0.417
-13.303    3.403    1.532 0.417
 -6.660   -6.440   -3.523 -0.834
 -6.600   -6.432   -4.458 0.417
 -7.148   -5.594   -3.367 0.417
-11.656  -12.155    0.429 -0.834
-11.521  -11.708    1.236 0.417
-10.898  -11.941   -0.100 0.417
-14.562   11.554    2.819 -0.834
-15.377   11.788    3.335 0.417
-14.989   10.914    2.179 0.417
 -7.688  -11.207   18.101 -0.834
 -8.485  -10.954   17.539 0.417
 -7.086  -11.483   17.387 0.417
-16.118   13.117  -18.731 -0.834
-15.703   13.920  -18.369 0.417
-15.370   12.476  -18.741 0.417
  1.892  -10.510  -17.046 -0.834
  2.662  -11.035  -16.993 0.417
  1.279  -11.090  -17.442 0.417
-13.099    1.557  -10.674 -0.834
-12.590    0.744  -10.616 0.417
-12.526    2.077  -11.241 0.417
 -3.739    1.789    2.152 -0.834
 -3.316    0.873    1.878 0.417
 -3.212    2.010    2.873 0.417
-15.942   -1.794    8.885 -0.834
-16.725   -2.400    8.880 0.417
-15.164   -2.347    9.254 0.417
-15.471   14.567    1.893 -0.834
-15.650   13.803    1.339 0.417
-15.992   15.319    1.446 0.417
 -3.922    8.219   -3.537 -0.834
 -4.730    8.606   -3.810 0.417
 -3.513    8.107   -4.419 0.417
 -9.939    5.226   16.361 -0.834
 -9.809    6.085   15.854 0.417
 -8.950    4.997   16.510 0.417
-18.159    8.556   -0.519 -0.834
-17.414    8.152   -0.929 0.417
-18.762    8.723   -1.259 0.417
  0.228    4.555   13.339 -0.834
 -0.232    3.920   12.719 0.417
 -0.548    4.798   13.967 0.417
-14.404    3.880   -1.238 -0.834
-14.273    4.762   -0.815 0.417
-13.496    3.604   -1.569 0.417
 -5.597  -12.185   -4.788 -0.834
 -6.468  -11.794   -5.089 0.417
 -5.115  -12.319   -5.627 0.417
-13.143   -8.862  -13.171 -0.834
-13.893   -8.250  -13.200 0.417
-13.520   -9.613  -13.647 0.417
 -8.243    6.769    0.348 -0.834
 -8.536    7.496    0.874 0.417
 -9.014    6.221    0.287 0.417
 -3.797   13.061   16.285 -0.834
 -4.660   12.808   16.599 0.417
 -3.356   13.638   16.927 0.417
-14.593   -6.037   14.866 -0.834
-14.345   -5.437   15.653 0.417
-14.797   -6.854   15.256 0.417
 -2.847    5.314   10.166 -0.834
 -3.540    5.077    9.558 0.417
 -3.248    5.889   10.826 0.417
 -2.533   13.017   18.975 -0.834
 -2.452   12.147   18.669 0.417
 -1.613   13.298   19.206 0.417
 -9.691    1.500   -8.519 -0.834
 -8.986    0.928   -8.815 0.417
-10.405    0.961   -8.817 0.417
-14.767   13.186   -7.181 -0.834
-13.894   13.436   -7.294 0.417
-15.217   13.261   -8.046 0.417
 -3.311    6.229  -11.711 -0.834
 -2.808    5.791  -11.000 0.417
 -3.998    6.674  -11.148 0.417
-15.671    7.006    6.531 -0.834
-15.907    7.925    6.417 0.417
-15.237    7.043    7.393 0.417
 -7.629    9.653   -8.110 -0.834
 -6.690    9.891   -8.015 0.417
 -8.022   10.381   -7.593 0.417
 -9.511    9.412   16.667 -0.834
 -9.677   10.348   16.799 0.417
-10.082    9.212   15.870 0.417
-14.728   11.045   13.344 -0.834
-13.963   11.028   12.684 0.417
-15.335   10.381   12.941 0.417
 -2.958    9.632    9.680 -0.834
 -3.300   10.443   10.183 0.417
 -3.187    8.905   10.358 0.417
 -6.622   16.017   -9.909 -0.834
 -6.156   16.623   -9.399 0.417
 -7.042   16.567  -10.595 0.417
 -6.765    2.943   -4.367 -0.834
 -7.387    2.525   -3.806 0.417
 -5.973    2.981   -3.820 0.417
 -0.764   12.819  -10.109 -0.834
 -0.893   12.085  -10.646 0.417
 -0.913   12.479   -9.243 0.417
 -4.414   15.909   -7.076 -0.834
 -4.308   16.788   -7.440 0.417
 -4.326   15.267   -7.850 0.417
 -4.999   12.510   -6.474 -0.834
 -4.923   13.137   -7.235 0.417
 -4.144   12.607   -6.037 0.417
 -2.268   14.385   -2.122 -0.834
 -2.152   15.369   -1.849 0.417
 -2.436   13.930   -1.255 0.417
 -6.426    4.360    4.620 -0.834
 -5.835    4.812    3.959 0.417
 -6.198    3.408    4.433 0.417
  6.491   19.767   15.452 -0.834
  7.199   19.779   16.123 0.417
  5.683   19.538   15.992 0.417
  2.184  -12.187   18.081 -0.834
  1.493  -12.247   17.334 0.417
  2.880  -11.697   17.673 0.417
 -3.285   12.366   13.648 -0.834
 -3.649   12.423   14.592 0.417
 -3.620   13.270   13.287 0.417
-18.333   14.715    9.782 -0.834
-18.821   13.940    9.481 0.417
-17.750   14.347   10.478 0.417
-14.000   12.305  -12.945 -0.834
-14.577   12.996  -13.267 0.417
-13.194   12.807  -12.633 0.417
-17.966   19.107    4.801 -0.834
-18.711   19.408    4.252 0.417
-17.691   19.946    5.280 0.417
-13.182    0.066    0.150 -0.834
-12.314    0.067    0.626 0.417
-13.031   -0.131   -0.788 0.417
  2.934   18.275    1.316 -0.834
  2.474   17.391    1.397 0.417
  2.500   18.687    0.537 0.417
 -2.949   15.779   -4.414 -0.834
 -3.828   15.409   -4.301 0.417
 -2.402   15.311   -3.746 0.417
  7.440   14.981   -8.254 -0.834
  6.738   15.624   -8.575 0.417
  7.067   14.537   -7.494 0.417
 -7.464    9.439    9.422 -0.834
 -7.753    8.800    8.719 0.417
 -6.639    9.655    9.068 0.417
-18.402   17.055   18.588 -0.834
-18.022   17.799   18.061 0.417
-17.666   16.867   19.246 0.417
-18.836    2.897   10.118 -0.834
-18.008    2.391    9.989 0.417
-19.494    2.586    9.458 0.417
 -4.685   11.721    0.639 -0.834
 -5.285   11.546   -0.089 0.417
 -3.987   12.225    0.266 0.417
 -6.204   12.788    8.549 -0.834
 -6.912   13.020    7.894 0.417
 -5.789   11.989    8.184 0.417
-12.025    0.030    2.745 -0.834
-11.368    0.654    2.435 0.417
-12.559    0.490    3.501 0.417
-16.334   15.780   12.993 -0.834
-15.393   15.948   13.319 0.417
-16.525   16.536   12.413 0.417
-16.156   11.380   -5.086 -0.834
-15.487   11.715   -5.699 0.417
-16.018   10.438   -5.108 0.417
-16.708   19.264   -3.123 -0.834
-16.277   18.402   -3.057 0.417
-16.075   19.831   -2.724 0.417
-12.675   17.867   16.364 -0.834
-13.504   18.257   16.693 0.417
-12.115   17.917   17.176 0.417
-19.451   17.374   14.273 -0.834
-19.619   17.772   13.420 0.417
-19.365   16.466   14.117 0.417
  8.131   13.693  -14.588 -0.834
  8.039   12.821  -14.245 0.417
  7.481   13.666  -15.332 0.417
-17.998   12.689    6.857 -0.834
-17.350   13.256    7.437 0.417
-18.216   13.292    6.148 0.417
-14.426   13.132   -3.286 -0.834
-14.876   12.329   -2.987 0.417
-14.921   13.786   -2.794 0.417
 -9.083  -13.361    8.367 -0.834
 -8.359  -13.525    7.708 0.417
 -8.861  -13.984    9.056 0.417
 -7.307  -18.670   15.462 -0.834
 -6.646  -18.123   15.015 0.417
 -6.865  -18.925   16.317 0.417
 -7.887  -19.079  -15.058 -0.834
 -7.181  -19.365  -14.438 0.417
 -8.186  -18.104  -14.777 0.417
-14.485  -15.471   12.470 -0.834
-15.397  -15.136   12.559 0.417
-14.518  -15.745   11.597 0.417
-10.803  -15.625   -4.036 -0.834
-10.837  -16.410   -4.613 0.417
-11.484  -15.833   -3.396 0.417
-17.579  -16.225  -14.942 -0.834
-17.316  -17.066  -15.348 0.417
-16.781  -15.660  -14.952 0.417
 -1.626  -13.429    4.304 -0.834
 -2.370  -13.175    3.710 0.417
 -2.027  -14.169    4.860 0.417
-13.206  -13.125    2.997 -0.834
-12.834  -12.185    3.093 0.417
-14.166  -12.971    3.036 0.417
 -8.482  -17.859   -5.165 -0.834
 -8.644  -17.231   -5.899 0.417
 -7.655  -18.273   -5.417 0.417
-16.826  -18.416   -3.024 -0.834
-17.630  -17.923   -3.190 0.417
-16.730  -19.039   -3.748 0.417
  3.583  -10.324   16.567 -0.834
  3.123   -9.802   15.925 0.417
  4.026  -10.951   16.040 0.417
 -0.181  -18.815  -13.579 -0.834
  0.354  -18.357  -14.248 0.417
 -0.233  -19.768  -13.901 0.417
 -9.152   -9.929   -1.369 -0.834
 -9.655   -9.523   -2.093 0.417
 -8.337   -9.449   -1.362 0.417
-12.939    4.972  -17.457 -0.834
-12.015    5.260  -17.563 0.417
-12.849    4.003  -17.555 0.417
 -7.931  -11.234    3.082 -0.834
 -7.977  -10.710    3.888 0.417
 -8.410  -12.044    3.400 0.417
  1.084  -16.732   14.355 -0.834
  0.432  -17.234   13.844 0.417
  0.865  -16.909   15.225 0.417
-11.286   -9.146    6.340 -0.834
-10.309   -9.440    6.364 0.417
-11.601   -9.189    7.287 0.417
-14.859  -18.389  -19.501 -0.834
-15.303  -18.890  -18.766 0.417
-13.969  -18.698  -19.414 0.417
 -2.069   -5.628   -8.406 -0.834
 -2.990   -5.576   -8.713 0.417
 -2.074   -5.044   -7.601 0.417
-17.491  -16.495   -7.090 -0.834
-17.886  -15.862   -7.685 0.417
-17.285  -17.288   -7.617 0.417
 -6.100  -18.734   11.625 -0.834
 -5.368  -19.331   11.842 0.417
 -5.733  -18.258   10.831 0.417
 -5.646  -18.648   -5.996 -0.834
 -5.306  -19.377   -5.435 0.417
 -5.427  -17.805   -5.574 0.417
-18.087  -18.594    7.668 -0.834
-18.279  -18.573    8.637 0.417
-17.661  -17.701    7.574 0.417
-12.992  -15.476   16.761 -0.834
-13.730  -14.940   17.088 0.417
-12.255  -14.989   17.135 0.417
-17.562  -13.996   16.100 -0.834
-18.031  -14.475   16.753 0.417
-18.268  -13.982   15.391 0.417
 -5.422    3.489   -2.150 -0.834
 -4.524    3.267   -2.139 0.417
 -5.641    3.484   -1.229 0.417
-14.539  -13.246  -18.057 -0.834
-13.588  -13.373  -17.982 0.417
-14.791  -14.044  -18.566 0.417
 -1.937   -5.563   -3.088 -0.834
 -1.261   -6.112   -2.627 0.417
 -2.816   -6.023   -3.042 0.417
 -4.701  -18.629    4.731 -0.834
 -5.144  -18.285    3.949 0.417
 -3.772  -18.473    4.527 0.417
 -5.899  -18.098    2.316 -0.834
 -5.114  -17.602    2.002 0.417
 -5.892  -18.959    1.813 0.417
  1.008  -14.939   -1.543 -0.834
  0.384  -14.979   -0.793 0.417
  1.508  -15.790   -1.373 0.417
 -5.880   -1.003   13.901 -0.834
 -6.725   -0.812   14.327 0.417
 -5.312   -0.203   14.158 0.417
  4.934   -9.881    3.588 -0.834
  5.124  -10.621    4.125 0.417
  4.257   -9.461    4.069 0.417
 10.667    1.477  -18.568 -0.834
 10.600    2.083  -17.781 0.417
  9.728    1.243  -18.726 0.417
 10.667  -14.998  -12.111 -0.834
 10.007  -14.348  -12.442 0.417
 11.404  -14.870  -12.754 0.417
-14.557  -10.544    8.801 -0.834
-15.371  -10.057    8.641 0.417
-14.873  -11.287    9.296 0.417
-13.858   -8.142   -3.948 -0.834
-14.238   -7.358   -4.325 0.417
-14.434   -8.854   -4.339 0.417
 -8.813   -0.896   -1.319 -0.834
 -7.971   -1.434   -1.137 0.417
 -9.426   -1.227   -0.636 0.417
-12.069   -0.265    8.005 -0.834
-12.770   -0.043    7.391 0.417
-12.157    0.396    8.753 0.417
-10.095    4.448    1.184 -0.834
 -9.546    4.369    2.014 0.417
-10.904    3.987    1.368 0.417
 -0.849   -8.233   16.611 -0.834
 -1.631   -8.413   17.199 0.417
 -1.284   -8.226   15.731 0.417
-11.199  -16.666    9.609 -0.834
-11.218  -17.615    9.788 0.417
-10.487  -16.583    8.993 0.417
 -4.060   -8.964   16.024 -0.834
 -3.587   -9.337   15.247 0.417
 -3.651   -9.497   16.672 0.417
  2.523  -17.842  -18.502 -0.834
  2.432  -17.928  -19.454 0.417
  2.118  -18.679  -18.139 0.417
 -8.220   -6.491  -19.017 -0.834
 -7.689   -6.578  -18.206 0.417
 -7.621   -6.184  -19.700 0.417
 -6.590   -6.204  -16.794 -0.834
 -7.140   -6.658  -16.048 0.417
 -5.622   -6.376  -16.514 0.417
-12.686  -19.772  -10.848 -0.834
-12.553  -19.804  -11.843 0.417
-11.781  -19.664  -10.574 0.417
 -1.569  -10.142    1.140 -0.834
 -1.780  -10.080    0.160 0.417
 -0.997  -10.962    1.186 0.417
-10.061   -9.807   17.050 -0.834
 -9.895   -9.246   17.880 0.417
 -9.832   -9.166   16.364 0.417
 -8.394    7.709   -2.393 -0.834
 -8.304    6.784   -2.445 0.417
 -8.154    7.850   -1.482 0.417
 -4.069   -9.860    2.479 -0.834
 -3.196  -10.049    2.187 0.417
 -4.547   -9.573    1.645 0.417
-10.737    8.274   -7.577 -0.834
-11.054    8.886   -6.952 0.417
-11.203    8.532   -8.415 0.417
  1.198   -8.648    2.162 -0.834
  1.433   -9.350    2.754 0.417
  0.481   -8.941    1.590 0.417
 -5.597  -13.162   13.628 -0.834
 -6.386  -13.482   13.273 0.417
 -5.113  -13.994   13.778 0.417
  5.717   -2.953   11.584 -0.834
  5.864   -2.065   11.383 0.417
  6.567   -3.411   11.607 0.417
 -6.526   -5.814   18.781 -0.834
 -7.234   -5.207   19.131 0.417
 -6.012   -5.149   18.339 0.417
 -6.620    9.030  -17.190 -0.834
 -7.330    9.133  -16.514 0.417
 -6.806    9.795  -17.817 0.417
 -9.299    4.822  -12.461 -0.834
 -8.375    4.508  -12.384 0.417
 -9.623    4.718  -11.524 0.417
  0.846    0.362  -15.259 -0.834
  0.810    0.846  -14.356 0.417
  0.840   -0.611  -15.065 0.417
 -9.972    4.028   -9.993 -0.834
 -9.925    3.132   -9.576 0.417
 -9.960    4.627   -9.215 0.417
-19.711   -9.462   -6.532 -0.834
-19.714   -9.063   -7.398 0.417
-18.738   -9.643   -6.331 0.417
 -3.786  -12.153  -15.234 -0.834
 -4.746  -12.008  -14.839 0.417
 -4.095  -12.608  -16.004 0.417
 -7.560   -7.593  -14.630 -0.834
 -8.348   -8.113  -14.895 0.417
 -7.107   -8.133  -14.023 0.417
-16.664  -12.238   14.144 -0.834
-17.444  -12.364   13.586 0.417
-16.795  -12.882   14.833 0.417
-15.649  -12.220   10.737 -0.834
-16.581  -12.269   11.041 0.417
-15.250  -12.906   11.271 0.417
 -8.664   -2.573    5.469 -0.834
 -7.881   -2.952    5.850 0.417
 -8.757   -3.114    4.615 0.417
 -1.303   -3.425    3.068 -0.834
 -1.992   -3.221    3.727 0.417
 -1.772   -4.017    2.454 0.417
 15.117  -15.618   13.692 -0.834
 14.931  -16.509   13.482 0.417
 15.883  -15.701   14.254 0.417
 -7.163   -4.566    9.756 -0.834
 -7.336   -3.576    9.827 0.417
 -8.058   -4.939    9.951 0.417
 -1.188    9.340  -17.251 -0.834
 -1.117    9.394  -16.323 0.417
 -2.069    8.859  -17.453 0.417
-13.032   -8.371  -17.647 -0.834
-13.425   -9.104  -18.193 0.417
-12.917   -7.710  -18.410 0.417
 10.797   -4.682  -13.217 -0.834
 11.156   -3.952  -12.761 0.417
 10.134   -4.353  -13.790 0.417
 -6.467   -9.450  -12.840 -0.834
 -7.392   -9.691  -12.510 0.417
 -5.992   -9.060  -12.075 0.417
 -6.957   -1.169    2.933 -0.834
 -6.561   -2.064    2.986 0.417
 -7.861   -1.236    3.145 0.417
 -7.132    4.879  -15.674 -0.834
 -6.822    5.390  -14.883 0.417
 -6.811    4.009  -15.497 0.417
 -9.869    8.853    1.944 -0.834
-10.567    9.536    2.151 0.417
 -9.650    8.482    2.801 0.417
  2.780   12.600   -3.433 -0.834
  2.151   12.517   -2.703 0.417
  3.032   11.657   -3.633 0.417
  3.306  -12.189    2.076 -0.834
  2.635  -12.114    2.789 0.417
  3.960  -12.834    2.410 0.417
-19.664   -6.521   13.304 -0.834
-19.936   -6.277   12.406 0.417
-18.688   -6.483   13.284 0.417
 -2.292    0.770   -7.131 -0.834
 -3.296    0.781   -7.220 0.417
 -2.106   -0.052   -6.677 0.417
-12.137    3.614   15.172 -0.834
-12.664    3.211   15.892 0.417
-11.620    4.370   15.576 0.417
  4.964   -6.124  -17.131 -0.834
  4.211   -6.801  -17.127 0.417
  5.157   -5.944  -18.090 0.417
 -8.938    9.274  -15.814 -0.834
 -9.767    9.104  -15.328 0.417
 -8.264    9.011  -15.161 0.417
-15.121   14.045  -10.003 -0.834
-14.817   14.410  -10.863 0.417
-14.645   14.696   -9.366 0.417
 -8.294   -4.189   -3.171 -0.834
 -9.108   -3.653   -3.410 0.417
 -7.656   -3.534   -2.838 0.417
  6.537   -6.096   -4.508 -0.834
  6.365   -5.498   -3.823 0.417
  7.409   -6.518   -4.307 0.417
  3.194    0.211   -9.587 -0.834
  3.287   -0.138   -8.660 0.417
  3.903    0.869   -9.727 0.417
-17.001    3.837    0.047 -0.834
-17.415    4.567   -0.381 0.417
-16.033    3.961   -0.137 0.417
-16.276    5.584    3.543 -0.834
-16.065    6.464    3.222 0.417
-15.690    5.508    4.314 0.417
 -3.739   -2.221   15.664 -0.834
 -2.936   -2.009   15.207 0.417
 -4.393   -1.736   15.157 0.417
 -5.479   -3.404    4.056 -0.834
 -5.626   -4.000    4.808 0.417
 -5.945   -3.868    3.347 0.417
 -8.459   -3.672   14.335 -0.834
 -8.693   -3.158   15.143 0.417
 -7.488   -3.790   14.437 0.417
-10.571    1.891   13.233 -0.834
-10.952    2.477   13.914 0.417
-10.056    2.530   12.713 0.417
  0.732   -4.433   17.945 -0.834
  0.341   -4.361   17.048 0.417
  1.017   -5.336   17.919 0.417
 -8.358   -0.970  -15.134 -0.834
 -9.248   -1.214  -14.791 0.417
 -8.466   -0.853  -16.103 0.417
 -6.450    1.522  -10.435 -0.834
 -6.721    1.744  -11.345 0.417
 -6.141    2.419  -10.086 0.417
  1.097   12.860  -15.300 -0.834
  0.853   13.778  -15.395 0.417
  0.276   12.355  -15.391 0.417
 -7.999    0.877   -5.892 -0.834
 -7.940    1.566   -5.226 0.417
 -8.814    1.104   -6.371 0.417
 -7.186   -2.094  -12.617 -0.834
 -6.621   -2.590  -13.312 0.417
 -8.037   -2.006  -13.046 0.417
-10.837   14.477    4.848 -0.834
-10.206   13.719    4.654 0.417
-11.499   14.351    4.107 0.417
-18.636   14.101  -10.624 -0.834
-19.578   14.237  -10.695 0.417
-18.247   14.697  -11.307 0.417
 -5.991    5.677    1.729 -0.834
 -5.731    4.939    1.201 0.417
 -6.828    5.892    1.272 0.417
 -9.504   -1.732   16.274 -0.834
 -9.534   -1.267   17.138 0.417
-10.283   -2.299   16.279 0.417
  2.183   -6.931   10.851 -0.834
  2.615   -6.077   10.919 0.417
  2.806   -7.386   10.265 0.417
-11.890   10.743    2.992 -0.834
-12.832   10.903    2.969 0.417
-11.794   10.251    3.816 0.417
 -2.643   12.575    5.351 -0.834
 -3.299   13.201    4.994 0.417
 -1.975   13.149    5.772 0.417
-15.575    1.890   18.126 -0.834
-15.751    1.639   19.106 0.417
-16.079    1.119   17.675 0.417
 -2.567   14.841  -15.855 -0.834
 -3.249   15.502  -15.543 0.417
 -3.028   14.395  -16.596 0.417
 -2.005    5.202   -9.577 -0.834
 -1.147    5.548   -9.739 0.417
 -1.842    4.442   -8.926 0.417
 -4.312    5.619   -4.974 -0.834
 -5.292    5.775   -5.087 0.417
 -4.274    4.688   -5.303 0.417
 -8.556    9.458   -4.532 -0.834
 -8.311    9.004   -3.728 0.417
 -9.486    9.271   -4.551 0.417
 -3.989  -14.895    1.062 -0.834
 -3.911  -15.833    1.099 0.417
 -4.866  -14.848    0.694 0.417
-17.322   11.993    3.775 -0.834
-17.819   11.299    4.246 0.417
-18.064   12.527    3.342 0.417
 -0.923   -3.763   11.800 -0.834
 -1.492   -3.933   10.961 0.417
 -0.095   -3.448   11.352 0.417
 -3.741   -1.558    8.650 -0.834
 -3.953   -1.183    9.527 0.417
 -3.478   -0.771    8.190 0.417
 -2.708   16.170   16.891 -0.834
 -2.724   16.320   17.868 0.417
 -3.571   16.626   16.655 0.417
 -0.442    8.328   18.936 -0.834
 -0.864    8.281   18.086 0.417
 -1.186    8.573   19.541 0.417
-11.257   18.619   12.721 -0.834
-11.058   18.923   13.577 0.417
-11.002   17.661   12.717 0.417
 -8.810   -7.634   19.187 -0.834
 -8.799   -8.186   19.956 0.417
 -7.880   -7.309   19.132 0.417
-17.129    0.653    9.415 -0.834
-16.885   -0.221    9.135 0.417
-17.883    0.410    9.894 0.417
 -4.268    8.840  -15.046 -0.834
 -5.208    9.023  -15.188 0.417
 -4.095    8.211  -15.757 0.417
 -4.011   -0.249  -15.138 -0.834
 -4.048    0.632  -15.540 0.417
 -4.443   -0.790  -15.812 0.417
 -8.866   12.630  -16.006 -0.834
 -9.542   12.295  -15.277 0.417
 -8.833   13.577  -15.879 0.417
 -9.795   10.663  -11.399 -0.834
 -9.771   10.950  -10.452 0.417
 -9.056   10.051  -11.491 0.417
-13.615    5.655  -12.517 -0.834
-13.415    5.839  -13.461 0.417
-14.275    6.337  -12.270 0.417
 -8.983    3.800    3.596 -0.834
 -9.236    3.363    4.471 0.417
 -8.032    4.032    3.763 0.417
 -3.147    9.921    4.396 -0.834
 -3.759   10.299    3.746 0.417
 -2.915   10.590    5.060 0.417
  1.960   13.969   13.910 -0.834
  2.544   13.341   14.372 0.417
  1.055   13.872   14.298 0.417
-17.882   -7.577   15.784 -0.834
-18.643   -8.169   15.813 0.417
-17.560   -7.729   14.837 0.417
-14.082   -4.166    9.930 -0.834
-13.393   -3.443    9.684 0.417
-14.172   -4.191   10.917 0.417
  0.293   14.856  -18.461 -0.834
  0.002   14.771  -19.393 0.417
 -0.071   14.068  -18.034 0.417
  3.688    3.202  -15.897 -0.834
  3.403    2.394  -16.449 0.417
  3.793    3.867  -16.621 0.417
  0.290   19.044   -4.402 -0.834
 -0.666   19.056   -4.347 0.417
  0.536   19.607   -5.161 0.417
 -7.219   12.593   11.693 -0.834
 -8.070   12.353   11.168 0.417
 -6.924   13.438   11.352 0.417
 -1.033    6.471   16.810 -0.834
 -0.864    5.649   17.228 0.417
 -1.290    6.229   15.951 0.417
-10.044   11.919   17.094 -0.834
 -9.839   12.883   17.257 0.417
-10.116   11.612   18.042 0.417
-12.087   17.648    9.840 -0.834
-11.545   18.374    9.431 0.417
-12.019   17.883   10.756 0.417
 -5.591   -0.672    5.695 -0.834
 -5.747   -0.940    6.626 0.417
 -6.207   -1.191    5.183 0.417
  2.230    8.195   19.629 -0.834
  2.614    7.339   19.356 0.417
  1.337    8.266   19.164 0.417
 -0.265   17.590   15.776 -0.834
 -0.976   17.031   15.347 0.417
 -0.736   18.245   16.281 0.417
  2.691    9.073  -13.850 -0.834
  3.249    8.638  -14.462 0.417
  2.694    8.441  -13.081 0.417
-10.258   15.426  -11.763 -0.834
 -9.767   15.615  -10.952 0.417
 -9.577   15.170  -12.483 0.417
-10.521   13.182    1.768 -0.834
-11.307   13.725    1.761 0.417
-10.814   12.339    2.131 0.417
 -4.653   10.170   -7.971 -0.834
 -4.265    9.648   -8.701 0.417
 -3.918   10.398   -7.418 0.417
-10.261   11.436    6.578 -0.834
-10.819   10.653    6.654 0.417
 -9.862   11.376    5.663 0.417
  0.569   -0.349   18.788 -0.834
  0.947   -1.166   19.205 0.417
  0.693   -0.485   17.847 0.417
 -3.319   13.631  -18.200 -0.834
 -3.374   13.886  -19.115 0.417
 -4.118   13.213  -17.996 0.417
 -6.159   19.123   -9.510 -0.834
 -5.738   19.328  -10.337 0.417
 -6.643   19.915   -9.274 0.417
  0.221   11.597    7.386 -0.834
  0.133   11.804    8.277 0.417
  0.202   10.634    7.321 0.417
 -6.150   11.054   -4.066 -0.834
 -5.824   11.533   -4.844 0.417
 -6.692   10.414   -4.550 0.417
-16.341   16.945   -6.365 -0.834
-16.631   16.694   -7.252 0.417
-15.389   16.868   -6.432 0.417
-16.274   14.553    4.475 -0.834
-15.892   14.814    3.599 0.417
-16.633   13.696    4.203 0.417
  5.565   12.679   17.388 -0.834
  6.267   12.035   17.075 0.417
  5.491   13.252   16.591 0.417
  9.438   16.373   18.993 -0.834
  9.976   16.804   18.343 0.417
 10.075   16.399   19.741 0.417
 -7.470   17.675  -12.217 -0.834
 -6.758   18.363  -12.110 0.417
 -8.324   18.280  -12.242 0.417
  2.501   18.806  -19.404 -0.834
  1.645   18.424  -19.104 0.417
  2.458   19.666  -18.894 0.417
 -7.838   17.850  -16.009 -0.834
 -7.166   18.534  -15.664 0.417
 -8.684   18.141  -15.559 0.417
  1.676   16.469   -4.678 -0.834
  1.602   16.118   -3.791 0.417
  1.363   17.388   -4.652 0.417
 15.399   18.905   -8.489 -0.834
 15.834   18.074   -8.723 0.417
 15.700   19.072   -7.575 0.417
 -2.679   19.308    0.360 -0.834
 -3.518   19.745    0.448 0.417
 -2.015   19.946    0.715 0.417
 -2.461   18.628   -4.607 -0.834
 -2.718   18.910   -5.451 0.417
 -2.514   17.693   -4.700 0.417
-11.282   15.755   13.150 -0.834
-11.730   15.309   13.875 0.417
-11.419   15.078   12.442 0.417
 -4.571   17.194  -16.923 -0.834
 -5.173   16.701  -17.396 0.417
 -4.744   17.007  -15.937 0.417
  2.263   18.788  -16.029 -0.834
  3.127   19.127  -16.167 0.417
  1.659   19.087  -16.835 0.417
-18.479   17.571   -4.668 -0.834
-17.758   17.486   -5.349 0.417
-18.060   18.181   -3.995 0.417
  3.402   17.593    4.419 -0.834
  3.148   16.633    4.549 0.417
  3.908   17.810    5.218 0.417
-11.927    8.386   -4.115 -0.834
-12.129    8.913   -4.903 0.417
-11.792    9.108   -3.427 0.417
 -9.037  -18.263   -8.210 -0.834
 -9.681  -17.760   -8.666 0.417
 -8.291  -17.833   -8.790 0.417
-19.018  -12.588    5.939 -0.834
-18.758  -11.970    5.208 0.417
-19.040  -13.477    5.504 0.417
 -5.207  -15.408   18.528 -0.834
 -5.550  -14.893   17.758 0.417
 -5.166  -14.771   19.194 0.417
-11.718  -12.192    7.208 -0.834
-10.787  -11.843    7.568 0.417
-12.108  -12.539    8.013 0.417
 -1.294  -18.993   18.225 -0.834
 -2.025  -19.609   18.331 0.417
 -1.579  -18.233   18.756 0.417
  8.045  -11.616   11.621 -0.834
  7.356  -11.039   11.192 0.417
  7.459  -12.073   12.301 0.417
-14.474  -11.631   -5.142 -0.834
-15.050  -11.782   -5.928 0.417
-15.055  -11.081   -4.637 0.417
 -5.224  -15.061   -7.557 -0.834
 -5.364  -14.048   -7.748 0.417
 -6.135  -15.288   -7.396 0.417
-12.471  -15.492  -18.604 -0.834
-11.687  -15.418  -19.143 0.417
-13.217  -15.489  -19.232 0.417
 -8.565  -19.164    2.059 -0.834
 -8.142  -19.897    1.657 0.417
 -7.781  -18.719    2.508 0.417
 -0.992  -17.803   -0.139 -0.834
 -1.064  -16.914   -0.575 0.417
 -0.468  -18.289   -0.839 0.417
  4.048  -14.612   -3.267 -0.834
  4.171  -14.139   -2.391 0.417
  3.125  -14.629   -3.401 0.417
  4.212  -18.286   -7.867 -0.834
  3.582  -18.639   -7.201 0.417
  4.341  -19.001   -8.475 0.417
 10.295  -12.380    9.842 -0.834
  9.590  -12.662    9.214 0.417
  9.871  -12.139   10.617 0.417
 12.275   -3.562   -9.308 -0.834
 12.945   -4.242   -9.368 0.417
 12.204   -3.287  -10.258 0.417
 -2.076  -15.320    6.419 -0.834
 -1.138  -15.470    6.316 0.417
 -2.169  -15.289    7.395 0.417
  1.339   -2.977   10.377 -0.834
  1.748   -3.374    9.690 0.417
  1.134   -2.070   10.068 0.417
 14.913   -4.945    5.651 -0.834
 14.238   -4.945    6.364 0.417
 15.296   -4.025    5.770 0.417
 -3.525  -10.834   13.855 -0.834
 -4.559  -10.784   13.831 0.417
 -3.275  -10.906   12.897 0.417
 -6.451  -13.680   16.634 -0.834
 -5.971  -13.032   16.104 0.417
 -6.985  -14.124   15.911 0.417
 -8.800  -15.849  -16.529 -0.834
 -7.947  -15.640  -16.072 0.417
 -9.428  -15.574  -15.862 0.417
  0.914   -1.712  -10.772 -0.834
  1.719   -1.532  -10.181 0.417
  1.059   -1.125  -11.484 0.417
-15.116  -15.919   -6.287 -0.834
-15.030  -15.254   -5.627 0.417
-16.068  -16.025   -6.407 0.417
 -0.433   -6.220   -0.713 -0.834
  0.031   -5.318   -0.607 0.417
  0.202   -6.764   -1.255 0.417
  1.592  -11.839    6.970 -0.834
  1.978  -12.733    7.048 0.417
  1.533  -11.492    7.881 0.417
 10.123  -12.130   17.078 -0.834
 10.906  -11.757   16.625 0.417
 10.369  -12.269   17.997 0.417
-18.204   -3.353    6.522 -0.834
-17.562   -2.620    6.694 0.417
-18.069   -3.974    7.267 0.417
 -3.666  -17.737   13.909 -0.834
 -3.853  -18.542   14.509 0.417
 -2.748  -17.919   13.641 0.417
 -6.133  -15.376  -16.046 -0.834
 -5.933  -15.359  -15.096 0.417
 -5.878  -14.506  -16.352 0.417
 -2.578  -16.600  -15.798 -0.834
 -1.805  -16.566  -16.402 0.417
 -2.603  -17.575  -15.593 0.417
 -3.309   -2.084  -13.241 -0.834
 -3.594   -1.447  -13.908 0.417
 -3.185   -1.474  -12.418 0.417
 -1.807   -2.030  -10.250 -0.834
 -2.042   -1.089  -10.167 0.417
 -0.849   -2.010  -10.353 0.417
 -2.573  -11.540   -4.938 -0.834
 -3.541  -11.477   -4.957 0.417
 -2.363  -12.231   -5.612 0.417
 -4.655   -9.948    7.391 -0.834
 -3.854  -10.164    7.773 0.417
 -5.349  -10.127    8.112 0.417
-10.328  -19.412    4.858 -0.834
-11.052  -19.706    5.377 0.417
-10.659  -18.594    4.518 0.417
  2.420  -13.866   14.132 -0.834
  1.893  -14.665   14.236 0.417
  3.154  -14.232   13.532 0.417
  0.640  -12.012    0.638 -0.834
  0.659  -12.056   -0.305 0.417
  1.535  -11.696    0.911 0.417
-16.826   -8.841  -14.046 -0.834
-16.096   -8.927  -14.648 0.417
-16.796   -7.896  -13.871 0.417
  4.035   -8.563   -9.058 -0.834
  4.407   -7.653   -9.161 0.417
  3.483   -8.658   -9.848 0.417
 -7.078  -17.089   -2.588 -0.834
 -7.579  -17.569   -1.911 0.417
 -7.760  -17.004   -3.299 0.417
  9.572    4.909   -1.184 -0.834
 10.207    5.395   -0.688 0.417
 10.024    4.065   -1.256 0.417
 -6.245   10.376   -1.340 -0.834
 -7.199   10.330   -1.190 0.417
 -6.116   10.626   -2.222 0.417
  0.843   -4.997  -11.408 -0.834
  1.616   -4.345  -11.476 0.417
  0.048   -4.481  -11.445 0.417
  2.830   14.458    0.419 -0.834
  3.519   14.206    1.114 0.417
  2.353   15.136    0.871 0.417
 -6.356  -12.039    0.946 -0.834
 -6.817  -12.842    0.680 0.417
 -6.982  -11.685    1.687 0.417
  2.665  -14.370    6.951 -0.834
  2.656  -15.139    7.490 0.417
  3.484  -14.508    6.420 0.417
-13.388  -16.604   -2.958 -0.834
-13.862  -17.013   -2.170 0.417
-13.752  -17.117   -3.694 0.417
-10.082   -8.222   10.774 -0.834
-10.248   -7.298   10.633 0.417
-10.696   -8.689   10.145 0.417
-14.205   -4.682   17.290 -0.834
-15.161   -4.549   17.478 0.417
-13.947   -5.411   17.884 0.417
 -5.706   -3.601   13.982 -0.834
 -5.784   -2.691   13.609 0.417
 -4.729   -3.777   13.919 0.417
-11.658   -3.462   17.080 -0.834
-11.133   -4.147   17.501 0.417
-12.579   -3.840   16.954 0.417
-16.372   -4.547  -10.316 -0.834
-16.396   -3.632  -10.635 0.417
-16.734   -4.522   -9.408 0.417
-18.388   12.495  -15.466 -0.834
-18.076   11.828  -14.819 0.417
-19.322   12.557  -15.269 0.417
 -0.540  -14.409   -5.555 -0.834
  0.196  -13.750   -5.355 0.417
 -0.906  -14.125   -6.419 0.417
-18.359   -1.736  -11.864 -0.834
-19.245   -1.510  -11.992 0.417
-18.019   -0.997  -11.335 0.417
  9.495    3.138   -4.110 -0.834
  9.139    2.254   -3.841 0.417
 10.438    2.912   -4.208 0.417
-11.284  -19.181    1.571 -0.834
-11.641  -19.601    2.460 0.417
-10.378  -18.954    1.690 0.417
  7.308   -9.359   -7.457 -0.834
  7.329   -9.716   -8.400 0.417
  7.336   -8.403   -7.626 0.417
  3.117   -0.907    8.405 -0.834
  2.229   -0.819    8.079 0.417
  3.353   -0.032    8.715 0.417
  3.212  -14.197   10.846 -0.834
  3.803  -14.486   11.557 0.417
  3.808  -13.865   10.158 0.417
 -6.566    5.337   13.390 -0.834
 -6.418    4.364   13.530 0.417
 -7.137    5.449   12.588 0.417
 -5.531    1.877    4.235 -0.834
 -4.676    1.872    3.803 0.417
 -5.575    0.993    4.640 0.417
 -9.635  -10.289   13.459 -0.834
 -9.266  -10.294   12.552 0.417
 -9.163   -9.574   13.909 0.417
 -4.891   -6.546    4.094 -0.834
 -4.467   -7.374    4.413 0.417
 -4.218   -6.101    3.586 0.417
 -5.731   -9.999  -15.631 -0.834
 -5.027   -9.472  -15.248 0.417
 -6.310  -10.141  -14.908 0.417
 -5.309   -6.183  -10.950 -0.834
 -4.838   -5.628  -11.615 0.417
 -6.179   -5.750  -10.887 0.417
  8.308  -12.249   -8.799 -0.834
  8.564  -13.175   -9.084 0.417
  8.125  -12.349   -7.860 0.417
 -0.749    4.031   -4.981 -0.834
 -0.584    4.218   -4.033 0.417
  0.120    3.940   -5.437 0.417
 -7.727  -14.576   -9.596 -0.834
 -7.616  -15.528   -9.790 0.417
 -6.847  -14.286   -9.499 0.417
-16.241   -6.747   -4.857 -0.834
-16.448   -6.454   -3.941 0.417
-17.138   -6.679   -5.260 0.417
 -9.711    4.036  -17.707 -0.834
 -9.653    4.942  -17.982 0.417
 -8.811    3.864  -17.445 0.417
 -1.292    0.702   -3.058 -0.834
 -1.015    1.641   -2.839 0.417
 -1.005    0.185   -2.291 0.417
 -1.861    5.548    2.658 -0.834
 -2.466    6.233    2.529 0.417
 -1.908    5.149    1.779 0.417
-11.333    5.901   10.752 -0.834
-11.686    5.203   10.087 0.417
-12.053    5.888   11.430 0.417
  5.181   -6.033    8.608 -0.834
  5.211   -6.094    9.597 0.417
  4.539   -6.789    8.454 0.417
 -6.455   -7.376   16.168 -0.834
 -6.485   -6.980   17.055 0.417
 -5.799   -8.127   16.247 0.417
-15.918    4.655   18.495 -0.834
-15.637    3.688   18.391 0.417
-16.860    4.570   18.697 0.417
  5.575   -3.241  -18.058 -0.834
  5.444   -3.693  -17.180 0.417
  5.764   -4.038  -18.645 0.417
  7.117   -6.596  -12.875 -0.834
  7.014   -6.658  -11.921 0.417
  7.894   -7.127  -13.063 0.417
  6.050   -1.247   -9.554 -0.834
  5.900   -0.327   -9.635 0.417
  6.455   -1.484  -10.453 0.417
 -6.898    9.392  -13.686 -0.834
 -6.796   10.236  -14.050 0.417
 -6.727    9.565  -12.739 0.417
-12.681   -5.568   -4.985 -0.834
-12.367   -4.681   -5.258 0.417
-12.298   -5.697   -4.067 0.417
  3.587   13.492  -14.424 -0.834
  2.950   13.226  -15.085 0.417
  3.460   14.481  -14.329 0.417
 -0.839   15.629   -6.246 -0.834
 -1.488   15.731   -5.545 0.417
  0.026   15.799   -5.787 0.417
 -1.195   12.960   -7.480 -0.834
 -0.703   12.167   -7.218 0.417
 -0.445   13.610   -7.281 0.417
 -2.997    2.235   -0.803 -0.834
 -2.606    1.585   -1.428 0.417
 -3.371    1.813   -0.013 0.417
 -8.728    3.285   10.928 -0.834
 -8.630    4.190   11.223 0.417
 -8.844    3.343    9.964 0.417
 -4.171   -0.461   11.081 -0.834
 -4.438    0.513   11.007 0.417
 -4.592   -0.785   11.931 0.417
 -6.539   -4.232    6.741 -0.834
 -6.391   -3.634    7.510 0.417
 -6.600   -5.129    7.165 0.417
  4.597   -9.421   13.207 -0.834
  4.222   -8.579   13.469 0.417
