-17.250 -11.156 -10.371 -0.834
-17.890 -11.710 -10.002 0.417
-17.836 -10.755 -11.038 0.417
-9.326 -11.091 -15.014 -0.834
-9.002 -11.129 -14.068 0.417
-10.252 -10.730 -14.925 0.417
-18.339 -13.319 -18.057 -0.834
-18.057 -14.261 -18.019 0.417
-19.222 -13.401 -18.517 0.417
-9.574 -12.396 -17.596 -0.834
-9.239 -11.599 -18.006 0.417
-9.752 -12.111 -16.692 0.417
-9.074 -14.635 -18.982 -0.834
-8.862 -15.231 -18.246 0.417
-9.343 -13.788 -18.507 0.417
-11.108 -7.023 -14.679 -0.834
-11.881 -7.522 -14.557 0.417
-10.658 -7.443 -15.464 0.417
-10.065 -7.124 -9.809 -0.834
-10.291 -7.902 -10.366 0.417
-10.528 -7.234 -8.982 0.417
-6.788 -18.423 -16.422 0.417
-11.177 -9.419 -11.173 -0.834
-11.817 -9.247 -11.852 0.417
-11.611 -9.939 -10.466 0.417
-10.922 -8.033 -7.266 -0.834
-11.772 -8.439 -7.007 0.417
-9.718 -19.360 -17.947 -0.834
-9.633 -19.041 -16.984 0.417
-10.257 -18.677 -18.333 0.417
-15.382 -11.875 -12.223 -0.834
-14.595 -12.081 -11.686 0.417
-15.998 -11.542 -11.578 0.417
-16.597 -15.313 -10.185 -0.834
-16.891 -14.728 -10.903 0.417
-16.183 -16.027 -10.673 0.417
-16.881 -9.675 -6.842 -0.834
-16.402 -9.100 -7.488 0.417
-16.560 -10.570 -7.038 0.417
-14.542 -6.903 -15.411 -0.834
-14.327 -6.981 -16.388 0.417
-13.952 -6.578 -11.793 0.417
-17.656 -9.429 -17.376 -0.834
-17.878 -9.247 -16.447 0.417
-17.053 -10.209 -17.383 0.417
-17.290 -13.815 -12.460 -0.834
-17.533 -13.764 -13.439 0.417
-16.590 -13.145 -12.420 0.417
-19.253 -15.531 -9.421 -0.834
-19.574 -16.432 -9.661 0.417
-18.495 -15.415 -10.010 0.417
-12.973 -17.776 -6.589 -0.834
-13.815 -17.199 -6.465 0.417
-15.972 -12.301 -7.224 -0.834
-15.423 -12.807 -7.862 0.417
-16.829 -12.680 -7.456 0.417
-7.507 -10.549 -17.785 -0.834
-7.092 -10.160 -17.013 0.417
-7.018 -11.359 -17.961 0.417
-8.823 -10.390 -12.072 -0.834
-9.557 -9.828 -11.947 0.417
-9.134 -11.212 -11.702 0.417
-6.866 -15.465 -13.441 -0.834
-7.566 -16.068 -13.062 0.417
-12.071 -10.399 -15.678 -0.834
-12.636 -9.660 -16.088 0.417
-12.682 -10.989 -15.180 0.417
-16.680 -18.561 -16.307 -0.834
-16.982 -18.737 -17.205 0.417
-15.782 -18.263 -16.467 0.417
-15.461 -17.395 -11.705 -0.834
-14.540 -17.298 -11.877 0.417
-15.566 -18.384 -11.637 0.417
-7.207 -6.636 -7.832 -0.834
-7.213 -6.452 -8.777 0.417
-13.333 -12.453 -10.354 -0.834
-13.897 -13.025 -9.704 0.417
-12.442 -12.708 -9.954 0.417
-15.346 -14.283 -14.977 -0.834
-14.941 -14.874 -15.605 0.417
-14.591 -14.215 -14.366 0.417
-16.314 -11.647 -16.599 -0.834
-15.506 -12.070 -16.916 0.417
-16.959 -12.273 -16.803 0.417
-9.970 -8.559 -16.566 -0.834
-10.726 -9.173 -16.578 0.417
-9.467 -8.638 -17.339 0.417
-9.450 -10.456 -8.685 -0.834
-9.945 -9.657 -8.604 0.417
-8.540 -10.154 -8.663 0.417
-6.932 -17.086 -9.851 -0.834
-7.197 -17.527 -10.705 0.417
-14.550 -10.933 -14.663 -0.834
-15.278 -11.160 -15.289 0.417
-15.061 -11.230 -13.883 0.417
-13.143 -8.862 -13.171 -0.834
-13.893 -8.250 -13.200 0.417
-13.520 -9.613 -13.647 0.417
-7.887 -19.079 -15.058 -0.834
-7.181 -19.365 -14.438 0.417
-8.186 -18.104 -14.777 0.417
-17.579 -16.225 -14.942 -0.834
-17.316 -17.066 -15.348 0.417
-16.781 -15.660 -14.952 0.417
-14.859 -18.389 -19.501 -0.834
-15.303 -18.890 -18.766 0.417
-13.969 -18.698 -19.414 0.417
-17.491 -16.495 -7.090 -0.834
-17.886 -15.862 -7.685 0.417
-17.285 -17.288 -7.617 0.417
-14.539 -13.246 -18.057 -0.834
-13.588 -13.373 -17.982 0.417
-14.791 -14.044 -18.566 0.417
-8.220 -6.491 -19.017 -0.834
-7.689 -6.578 -18.206 0.417
-7.140 -6.658 -16.048 0.417
-12.686 -19.772 -10.848 -0.834
-12.553 -19.804 -11.843 0.417
-11.781 -19.664 -10.574 0.417
-19.711 -9.462 -6.532 -0.834
-19.714 -9.063 -7.398 0.417
-7.560 -7.593 -14.630 -0.834
-8.348 -8.113 -14.895 0.417
-7.107 -8.133 -14.023 0.417
-13.032 -8.371 -17.647 -0.834
-13.425 -9.104 -18.193 0.417
-12.917 -7.710 -18.410 0.417
-7.392 -9.691 -12.510 0.417
-9.037 -18.263 -8.210 -0.834
-9.681 -17.760 -8.666 0.417
-8.291 -17.833 -8.790 0.417
-12.471 -15.492 -18.604 -0.834
-11.687 -15.418 -19.143 0.417
-13.217 -15.489 -19.232 0.417
-8.800 -15.849 -16.529 -0.834
-7.947 -15.640 -16.072 0.417
-9.428 -15.574 -15.862 0.417
-16.826 -8.841 -14.046 -0.834
-16.096 -8.927 -14.648 0.417
-16.796 -7.896 -13.871 0.417
-7.727 -14.576 -9.596 -0.834
-7.616 -15.528 -9.790 0.417
-6.847 -14.286 -9.499 0.417
-16.883 -8.181 -9.930 -0.834
-16.510 -7.504 -10.477 0.417
-16.063 -8.417 -9.461 0.417
-9.950 -14.395 -14.242 -0.834
-9.845 -13.446 -14.444 0.417
-9.203 -14.611 -13.691 0.417
-12.119 -16.482 -14.300 -0.834
-11.450 -15.775 -14.188 0.417
-12.930 -16.166 -13.831 0.417
-11.441 -16.485 -8.465 -0.834
-11.565 -15.702 -7.845 0.417
-12.045 -17.101 -8.048 0.417
-6.961 -9.489 -8.223 -0.834
-7.117 -8.527 -8.084 0.417
-6.791 -11.927 -7.367 0.417
-10.984 -15.914 -11.186 -0.834
-10.623 -14.999 -11.187 0.417
-11.274 -16.259 -10.339 0.417
-13.561 -14.856 -12.545 -0.834
-12.690 -15.164 -12.163 0.417
-13.879 -14.181 -11.884 0.417
-8.000 -14.478 -6.852 0.417
-8.684 -17.727 -12.044 -0.834
-8.609 -18.642 -11.849 0.417
-9.577 -17.521 -11.819 0.417
-9.593 -13.351 -11.112 -0.834
-10.190 -12.785 -10.614 0.417
-8.923 -13.583 -10.453 0.417
-11.100 -12.690 -8.710 -0.834
-11.261 -13.294 -7.922 0.417
-10.445 -11.997 -8.469 0.417
-7.625 -10.234 -6.714 0.417
-16.920 -19.051 -8.212 -0.834
-16.310 -19.500 -8.828 0.417
-17.804 -19.444 -8.359 0.417
-13.745 -10.198 -19.636 -0.834
-13.046 -10.879 -19.329 0.417
-14.541 -10.736 -19.804 0.417
-13.860 -16.331 -16.296 -0.834
-13.268 -16.163 -17.051 0.417
-13.193 -16.592 -15.622 0.417
-14.850 -8.315 -8.006 -0.834
-14.688 -7.359 -7.980 0.417
-14.386 -8.595 -7.222 0.417
-17.821 -6.536 -12.823 -0.834
-18.360 -6.979 -12.157 0.417
-19.312 -17.219 -12.886 -0.834
-18.512 -16.810 -13.297 0.417
-19.947 -16.571 -13.070 0.417
-19.551 -12.634 -10.860 -0.834
-19.798 -13.521 -10.905 0.417
-19.204 -12.437 -11.744 0.417
-19.087 -7.680 -19.063 -0.834
-19.377 -8.300 -19.732 0.417
-18.710 -8.216 -18.372 0.417
-17.722 -16.078 -18.800 -0.834
-17.299 -16.608 -19.440 0.417
-18.444 -16.594 -18.585 0.417
-18.406 -6.650 -7.037 0.417
-16.562 -11.901 -19.684 -0.834
-17.453 -12.153 -19.423 0.417
-16.111 -12.225 -18.907 0.417
-18.438 -13.464 -7.761 -0.834
-19.040 -12.750 -7.951 0.417
-18.803 -14.173 -8.447 0.417
-18.686 -10.615 -12.827 -0.834
-18.667 -11.294 -13.556 0.417
-17.944 -10.047 -13.020 0.417
-12.428 -19.580 -16.522 -0.834
-12.364 -19.661 -17.497 0.417
-13.372 -19.766 -16.470 0.417
-18.867 -12.920 -14.922 -0.834
-18.799 -12.898 -15.863 0.417
-19.642 -13.451 -14.698 0.417
-14.721 -14.245 -8.543 -0.834
-15.496 -14.667 -9.033 0.417
-14.436 -15.014 -7.981 0.417
-19.325 -8.426 -9.048 -0.834
-18.403 -8.454 -9.426 0.417
-19.735 -7.850 -9.661 0.417
-17.281 -6.667 -16.989 0.417
-11.422 -19.168 -13.649 -0.834
-12.072 -19.470 -14.307 0.417
-11.437 -18.199 -13.665 0.417
