-16.332   -9.918   -4.096 -0.834
-16.776   -9.549   -4.899 0.417
-16.908   -9.621   -3.373 0.417
-13.967  -15.124    0.891 -0.834
-13.922  -14.776    1.798 0.417
-13.408  -15.912    0.961 0.417
-15.431  -16.040    9.887 -0.834
-16.041  -16.840    9.980 0.417
-16.005  -15.345    9.422 0.417
-19.025   -5.993   18.567 -0.834
-18.863   -6.737   17.966 0.417
-19.381   -6.461   19.360 0.417
-14.814   -3.304   -7.928 -0.834
-13.917   -3.021   -8.184 0.417
-14.663   -4.168   -7.510 0.417
 -5.563  -14.206   10.556 -0.834
 -6.476  -14.681   10.532 0.417
 -5.016  -14.887   10.973 0.417
-11.676   -6.189    1.332 -0.834
-11.367   -6.652    2.112 0.417
-11.494   -6.884    0.645 0.417
 -8.538    6.026   11.373 -0.834
 -8.614    6.695   12.076 0.417
 -9.381    6.080   10.936 0.417
-16.214   -3.682  -18.690 -0.834
-16.219   -4.612  -18.804 0.417
-15.472   -3.420  -19.219 0.417
-13.795  -13.009   -1.558 -0.834
-13.218  -12.653   -0.848 0.417
-14.691  -12.938   -1.200 0.417
 -3.874   -5.299  -15.423 -0.834
 -3.930   -5.728  -16.274 0.417
 -3.195   -4.546  -15.555 0.417
-17.250  -11.156  -10.371 -0.834
-17.890  -11.710  -10.002 0.417
-17.836  -10.755  -11.038 0.417
-16.065   -3.805    2.109 -0.834
-15.130   -3.966    1.985 0.417
-16.345   -4.633    2.581 0.417
-17.009   -8.838    7.860 -0.834
-16.406   -9.032    7.129 0.417
-17.586   -8.225    7.430 0.417
-15.760  -12.963    7.081 -0.834
-15.344  -12.169    6.658 0.417
-16.214  -12.572    7.812 0.417
-12.828  -13.001   18.581 -0.834
-12.960  -12.450   19.327 0.417
-13.756  -13.244   18.263 0.417
 -9.326  -11.091  -15.014 -0.834
 -9.002  -11.129  -14.068 0.417
-10.252  -10.730  -14.925 0.417
-19.998  -14.333   -5.409 -0.834
-19.517  -14.010   -6.170 0.417
-19.392  -14.219   -4.653 0.417
-10.118  -10.844   -5.084 -0.834
-10.426  -10.247   -4.403 0.417
 -9.979  -11.736   -4.711 0.417
-12.036  -13.893    9.453 -0.834
-11.758  -14.794    9.599 0.417
-11.578  -13.455   10.237 0.417
  4.177   -5.729   18.126 -0.834
  3.534   -6.058   17.459 0.417
  5.062   -5.918   17.682 0.417
-13.684  -14.712    7.495 -0.834
-13.360  -14.369    8.363 0.417
-14.437  -14.148    7.280 0.417
 -7.111    9.660  -10.913 -0.834
 -7.422    9.796  -10.025 0.417
 -6.236    9.337  -10.788 0.417
-18.339  -13.319  -18.057 -0.834
-18.057  -14.261  -18.019 0.417
-19.222  -13.401  -18.517 0.417
-15.179    0.603   -8.761 -0.834
-14.534    0.782   -8.037 0.417
-14.616    0.914   -9.544 0.417
 -4.978    0.855   -7.169 -0.834
 -5.778    0.809   -6.708 0.417
 -5.327    1.057   -8.082 0.417
-18.661  -16.218    2.814 -0.834
-19.161  -16.575    2.087 0.417
-18.225  -16.923    3.138 0.417
-19.515   -4.863    2.476 -0.834
-19.356   -4.575    3.349 0.417
-19.688   -4.039    1.975 0.417
 -6.857   -6.205   13.479 -0.834
 -7.069   -6.447   14.356 0.417
 -6.477   -5.338   13.519 0.417
 -7.579    0.595   11.343 -0.834
 -7.670    0.621   12.303 0.417
 -7.719    1.526   11.063 0.417
-14.392    3.918   -7.041 -0.834
-15.160    3.622   -7.455 0.417
-13.963    4.336   -7.792 0.417
 -9.574  -12.396  -17.596 -0.834
 -9.239  -11.599  -18.006 0.417
 -9.752  -12.111  -16.692 0.417
-11.431    5.684   -7.789 -0.834
-10.877    5.542   -6.985 0.417
-11.195    6.595   -8.073 0.417
-15.731    2.752   -3.735 -0.834
-15.851    3.680   -4.112 0.417
-14.939    2.796   -3.224 0.417
-16.401   -6.311    3.583 -0.834
-16.570   -7.124    4.062 0.417
-15.439   -6.231    3.661 0.417
 -0.048  -18.039    6.164 -0.834
  0.414  -18.921    6.079 0.417
  0.667  -17.347    6.013 0.417
  2.572  -13.758  -16.522 -0.834
  1.705  -14.155  -16.170 0.417
  2.951  -14.341  -17.142 0.417
-12.218    8.346    0.641 -0.834
-11.345    8.234    1.114 0.417
-12.331    9.295    0.444 0.417
 -9.074  -14.635  -18.982 -0.834
 -8.862  -15.231  -18.246 0.417
 -9.343  -13.788  -18.507 0.417
 18.680    4.645    5.756 -0.834
 18.621    5.384    5.135 0.417
 19.060    4.974    6.580 0.417
-11.353  -15.686   -0.722 -0.834
-12.036  -16.389   -0.674 0.417
-11.957  -14.936   -0.847 0.417
-11.619   -2.681    3.275 -0.834
-12.484   -2.660    3.695 0.417
-11.569   -1.737    3.009 0.417
-15.658   -8.612    5.271 -0.834
-15.158   -9.303    5.678 0.417
-15.097   -7.852    5.578 0.417
-18.330   -4.325    9.166 -0.834
-17.880   -4.050    9.974 0.417
-19.237   -4.483    9.468 0.417
 -3.530    8.089  -17.819 -0.834
 -3.146    7.230  -17.501 0.417
 -4.467    7.856  -17.912 0.417
-11.624   12.914  -11.264 -0.834
-10.900   12.283  -11.266 0.417
-11.193   13.795  -11.432 0.417
-19.198    5.084  -14.477 -0.834
-19.421    6.065  -14.495 0.417
-18.205    5.163  -14.555 0.417
-15.701   -2.226  -12.831 -0.834
-16.697   -2.197  -12.678 0.417
-15.467   -1.245  -13.076 0.417
-11.108   -7.023  -14.679 -0.834
-11.881   -7.522  -14.557 0.417
-10.658   -7.443  -15.464 0.417
-17.292    0.969    4.504 -0.834
-17.411    0.945    3.556 0.417
-16.877    1.835    4.549 0.417
-17.572   -7.269   10.487 -0.834
-17.281   -7.927    9.830 0.417
-17.418   -6.458   10.008 0.417
 -8.719   11.586    4.226 -0.834
 -8.853   10.638    4.048 0.417
 -7.869   11.561    4.702 0.417
-17.826   -1.532  -17.788 -0.834
-17.368   -2.372  -17.797 0.417
-17.069   -0.880  -17.719 0.417
-14.952  -10.954   16.578 -0.834
-14.936  -10.111   17.059 0.417
-15.378  -10.776   15.743 0.417
-15.182   16.858   -2.213 -0.834
-15.854   16.220   -2.533 0.417
-15.016   16.600   -1.315 0.417
-10.414   15.305   16.263 -0.834
-10.047   15.826   17.009 0.417
 -9.737   15.511   15.531 0.417
 -7.610    7.307   17.360 -0.834
 -8.155    8.113   17.293 0.417
 -7.955    6.920   18.175 0.417
-18.669   16.142  -17.299 -0.834
-19.635   16.131  -17.037 0.417
-18.328   15.284  -16.967 0.417
-17.084   11.913  -11.022 -0.834
-16.227   12.387  -10.984 0.417
-17.775   12.579  -10.972 0.417
 -1.130    1.460    8.971 -0.834
 -2.097    1.288    8.721 0.417
 -0.926    0.691    9.591 0.417
-13.921   13.356    5.597 -0.834
-13.517   13.937    6.265 0.417
-14.818   13.791    5.496 0.417
-16.478    9.694    7.275 -0.834
-17.021    9.239    8.035 0.417
-17.110   10.250    6.887 0.417
 -4.656   14.738   12.731 -0.834
 -4.474   15.545   13.160 0.417
 -5.087   15.025   11.884 0.417
-10.936   10.446   -2.304 -0.834
-10.104   10.192   -1.919 0.417
-11.502   10.631   -1.509 0.417
 -1.580   12.007    2.329 -0.834
 -2.087   11.810    3.089 0.417
 -0.655   12.190    2.662 0.417
 -5.630   16.170   16.010 -0.834
 -5.210   16.753   15.304 0.417
 -4.931   15.483   16.044 0.417
-19.435    9.252  -18.417 -0.834
-18.537    9.562  -18.264 0.417
-19.414    8.335  -18.212 0.417
 -6.261   13.516   17.538 -0.834
 -6.658   13.364   16.663 0.417
 -6.871   12.963   18.063 0.417
 -6.388   -2.320   -1.378 -0.834
 -6.256   -2.586   -0.492 0.417
 -5.474   -2.169   -1.653 0.417
-10.142   18.394  -14.444 -0.834
-10.914   18.132  -14.008 0.417
 -9.715   19.003  -13.917 0.417
 -9.918   14.674   -8.066 -0.834
 -9.792   15.123   -7.205 0.417
-10.552   15.288   -8.455 0.417
-14.115   15.212  -12.437 -0.834
-14.491   15.849  -13.109 0.417
-13.198   15.079  -12.688 0.417
-18.713    4.132    3.737 -0.834
-18.765    3.924    4.731 0.417
-17.912    4.709    3.639 0.417
-13.418   17.780    7.400 -0.834
-13.160   16.904    7.215 0.417
-12.817   18.042    8.140 0.417
-11.916   12.876   -4.176 -0.834
-12.857   12.955   -4.219 0.417
-11.723   12.234   -3.503 0.417
-13.635  -17.326    8.059 -0.834
-14.201  -16.563    7.849 0.417
-12.825  -16.945    8.403 0.417
-10.661  -13.262   11.901 -0.834
-11.096  -12.764   12.634 0.417
-10.596  -14.162   12.222 0.417
 -4.586  -13.431  -17.499 -0.834
 -3.776  -13.142  -17.872 0.417
 -5.192  -13.300  -18.329 0.417
-12.429  -16.202   14.095 -0.834
-13.034  -15.596   13.494 0.417
-12.554  -15.905   15.028 0.417
-10.065   -7.124   -9.809 -0.834
-10.291   -7.902  -10.366 0.417
-10.528   -7.234   -8.982 0.417
-12.940  -17.926   -0.170 -0.834
-12.350  -18.381    0.528 0.417
-13.852  -18.204    0.035 0.417
 -9.105   -0.675   19.064 -0.834
 -9.633   -1.232   19.669 0.417
 -8.214   -1.042   19.229 0.417
 -6.109  -18.081  -17.008 -0.834
 -5.802  -17.319  -16.578 0.417
 -6.788  -18.423  -16.422 0.417
-11.177   -9.419  -11.173 -0.834
-11.817   -9.247  -11.852 0.417
-11.611   -9.939  -10.466 0.417
-10.922   -8.033   -7.266 -0.834
-11.772   -8.439   -7.007 0.417
-10.488   -7.806   -6.440 0.417
 -9.718  -19.360  -17.947 -0.834
 -9.633  -19.041  -16.984 0.417
-10.257  -18.677  -18.333 0.417
-15.382  -11.875  -12.223 -0.834
-14.595  -12.081  -11.686 0.417
-15.998  -11.542  -11.578 0.417
-16.597  -15.313  -10.185 -0.834
-16.891  -14.728  -10.903 0.417
-16.183  -16.027  -10.673 0.417
-16.724  -12.535   -0.675 -0.834
-17.228  -13.009   -0.036 0.417
-16.396  -11.712   -0.247 0.417
-17.109  -14.956   12.613 -0.834
-17.740  -15.480   13.150 0.417
-17.697  -14.490   12.020 0.417
-18.160  -11.735    8.662 -0.834
-18.320  -11.956    7.747 0.417
-18.166  -10.789    8.733 0.417
-19.263   -2.098   17.090 -0.834
-19.541   -1.208   17.352 0.417
-19.134   -2.051   16.147 0.417
-10.022  -12.125    4.948 -0.834
-10.411  -12.374    5.845 0.417
 -9.564  -11.344    5.187 0.417
-10.073  -15.815   12.805 -0.834
-10.944  -16.065   13.202 0.417
 -9.640  -16.675   12.665 0.417
-16.881   -9.675   -6.842 -0.834
-16.402   -9.100   -7.488 0.417
-16.560  -10.570   -7.038 0.417
-17.622  -14.194   -3.747 -0.834
-17.843  -13.839   -2.901 0.417
-16.699  -13.968   -3.874 0.417
-13.618    2.271  -17.681 -0.834
-14.450    2.035  -18.153 0.417
-13.141    1.472  -17.808 0.417
 11.804   -7.244  -12.948 -0.834
 11.543   -6.358  -13.269 0.417
 12.291   -7.070  -12.133 0.417
-15.983  -16.095   -0.582 -0.834
-16.858  -15.958   -0.868 0.417
-15.418  -15.273   -0.705 0.417
-17.656    0.472    1.631 -0.834
-17.068    0.821    0.945 0.417
-18.533    0.548    1.138 0.417
  0.613   -6.384   -8.934 -0.834
  0.739   -6.041   -9.782 0.417
 -0.381   -6.184   -8.750 0.417
 -8.508  -14.452   14.846 -0.834
 -8.837  -14.796   14.040 0.417
 -8.614  -13.521   14.859 0.417
-18.213  -10.482    4.515 -0.834
-17.868  -10.425    3.646 0.417
-18.140   -9.594    4.787 0.417
-15.873  -18.130   12.761 -0.834
-16.170  -17.728   11.989 0.417
-15.270  -17.438   13.098 0.417
 -5.474   -9.468    0.137 -0.834
 -5.838  -10.267    0.503 0.417
 -5.534   -9.580   -0.806 0.417
  6.124   -3.406   -3.193 -0.834
  6.948   -3.136   -2.756 0.417
  6.137   -2.952   -4.100 0.417
-11.124    8.437  -14.421 -0.834
-10.773    7.577  -14.642 0.417
-11.210    8.398  -13.467 0.417
-14.427   -5.196   -0.910 -0.834
-14.041   -4.661   -0.192 0.417
-14.131   -4.587   -1.669 0.417
 -3.717  -12.646    2.781 -0.834
 -4.360  -11.942    2.449 0.417
 -4.027  -13.440    2.379 0.417
  2.872   -1.559   -3.212 -0.834
  2.201   -2.136   -3.621 0.417
  2.335   -1.019   -2.575 0.417
 -9.895  -19.159   19.111 -0.834
-10.512  -18.550   18.631 0.417
 -9.368  -18.582   19.705 0.417
-19.258    0.647   17.424 -0.834
-19.837    1.202   16.855 0.417
-18.468    0.410   16.837 0.417
-14.542   -6.903  -15.411 -0.834
-14.327   -6.981  -16.388 0.417
-15.101   -6.106  -15.343 0.417
  7.849  -10.132   -0.827 -0.834
  7.170  -10.280   -0.137 0.417
  7.403   -9.581   -1.511 0.417
-15.448  -18.630    0.330 -0.834
-15.726  -17.806   -0.047 0.417
-15.765  -19.199   -0.429 0.417
-15.406    5.266   -4.800 -0.834
-16.362    5.500   -4.804 0.417
-15.242    4.897   -5.688 0.417
 -9.034  -19.513    7.664 -0.834
 -9.165  -18.577    7.475 0.417
 -9.442  -19.908    6.883 0.417
-13.420   -7.008    9.691 -0.834
-13.570   -6.114    9.972 0.417
-13.571   -7.501   10.481 0.417
-14.840   -6.256  -12.046 -0.834
-13.952   -6.578  -11.793 0.417
-14.992   -5.507  -11.472 0.417
-18.512  -12.246   11.838 -0.834
-19.222  -11.677   12.195 0.417
-18.457  -11.957   10.921 0.417
 -9.610  -13.614   -1.172 -0.834
 -9.312  -13.516   -0.269 0.417
-10.156  -14.411   -1.079 0.417
-18.322    1.942  -18.965 -0.834
-18.728    1.280  -18.408 0.417
-18.502    2.809  -18.507 0.417
-10.370    1.547  -17.000 -0.834
-10.399    2.471  -17.357 0.417
-10.713    0.954  -17.688 0.417
-19.245   14.044   -7.077 -0.834
-18.622   14.200   -6.344 0.417
-19.669   13.221   -6.771 0.417
-15.609    9.423    1.120 -0.834
-16.237    8.799    1.511 0.417
-15.406    9.044    0.208 0.417
-17.656   -9.429  -17.376 -0.834
-17.878   -9.247  -16.447 0.417
-17.053  -10.209  -17.383 0.417
-17.418    7.635    2.063 -0.834
-18.174    7.334    2.610 0.417
-17.859    7.873    1.227 0.417
-17.381    8.047   17.820 -0.834
-17.531    8.994   17.611 0.417
-18.029    7.756   18.500 0.417
-11.877  -12.110   14.105 -0.834
-11.717  -12.461   15.039 0.417
-11.271  -11.366   14.000 0.417
 -6.615  -10.231    9.453 -0.834
 -6.144   -9.609   10.062 0.417
 -7.401  -10.487    9.965 0.417
-19.177    3.668  -17.112 -0.834
-18.364    3.316  -16.660 0.417
-19.747    3.978  -16.360 0.417
-17.917    8.332  -12.674 -0.834
-18.442    8.514  -11.885 0.417
-18.504    7.737  -13.189 0.417
 -6.780    4.494   -6.908 -0.834
 -7.109    5.383   -6.713 0.417
 -6.944    3.918   -6.147 0.417
-19.005    8.021   -9.985 -0.834
-19.987    7.981   -9.957 0.417
-18.702    7.119   -9.737 0.417
-17.290  -13.815  -12.460 -0.834
-17.533  -13.764  -13.439 0.417
-16.590  -13.145  -12.420 0.417
-13.089   -0.542   -2.665 -0.834
-12.483    0.118   -3.043 0.417
-13.685   -0.864   -3.412 0.417
 -6.664    4.461   16.785 -0.834
 -6.761    5.164   17.434 0.417
 -6.307    3.713   17.244 0.417
-17.166   -4.957   14.374 -0.834
-17.721   -5.193   15.123 0.417
-16.393   -5.451   14.503 0.417
-14.821    0.890    7.387 -0.834
-15.382    1.606    7.646 0.417
-14.804    0.211    8.107 0.417
-10.661   18.413   -1.977 -0.834
-10.709   17.725   -1.291 0.417
 -9.895   18.114   -2.489 0.417
 -3.808    2.403  -16.218 -0.834
 -3.637    2.881  -15.378 0.417
 -3.573    3.065  -16.914 0.417
 -6.460    2.220  -17.252 -0.834
 -7.035    2.475  -16.538 0.417
 -5.572    2.404  -16.926 0.417
-10.475    8.541   10.151 -0.834
 -9.585    8.418    9.686 0.417
-10.803    7.671   10.239 0.417
-16.995   13.969   -5.251 -0.834
-16.251   14.208   -5.841 0.417
-16.897   13.042   -5.075 0.417
-11.611   -1.835   10.992 -0.834
-12.032   -2.230   10.210 0.417
-11.583   -2.549   11.641 0.417
-14.803   17.740    0.512 -0.834
-14.483   18.488    0.028 0.417
-15.762   17.952    0.773 0.417
 -4.674    6.968   11.402 -0.834
 -5.547    6.736   10.928 0.417
 -4.932    7.620   12.033 0.417
-11.819    3.465  -12.363 -0.834
-10.993    3.937  -12.297 0.417
-12.483    4.117  -12.688 0.417
 -9.071   -5.250  -14.282 -0.834
 -9.950   -5.459  -14.592 0.417
 -8.599   -6.121  -14.283 0.417
 -0.341    5.552   -2.551 -0.834
  0.182    6.346   -2.501 0.417
 -1.266    5.858   -2.619 0.417
-13.016   14.157    3.048 -0.834
-13.782   14.085    2.457 0.417
-13.284   13.608    3.800 0.417
-13.003   14.755   15.342 -0.834
-12.400   14.991   15.995 0.417
-13.065   13.804   15.464 0.417
-17.914    5.452   -1.806 -0.834
-17.826    5.923   -2.606 0.417
-18.728    5.869   -1.396 0.417
-18.317    5.667    6.332 -0.834
-17.420    5.907    6.426 0.417
-18.515    5.227    7.126 0.417
  3.331    1.619   -1.931 -0.834
  3.137    2.516   -1.544 0.417
  2.663    0.985   -1.550 0.417
-18.246   14.617   14.408 -0.834
-18.209   14.662   15.420 0.417
-17.432   15.011   14.179 0.417
 -5.300    9.177   13.075 -0.834
 -5.425    8.887   13.996 0.417
 -6.231    9.183   12.748 0.417
-10.914   17.628   -9.139 -0.834
-11.399   18.463   -9.333 0.417
-10.805   17.683   -8.136 0.417
 -3.493   -2.830    1.006 -0.834
 -2.774   -2.994    0.295 0.417
 -3.970   -3.703    1.082 0.417
 -8.069   16.535   12.386 -0.834
 -8.561   16.173   13.148 0.417
 -7.757   15.723   11.845 0.417
-16.210    3.318    6.067 -0.834
-15.889    3.684    6.901 0.417
-17.165    3.196    6.248 0.417
-18.375   10.100   16.358 -0.834
-18.272   10.712   15.618 0.417
-19.088   10.549   16.843 0.417
-14.786   15.728  -18.104 -0.834
-14.253   15.733  -18.902 0.417
-15.411   16.462  -18.332 0.417
  1.955   12.145   -7.880 -0.834
  2.028   12.757   -7.174 0.417
  2.702   12.400   -8.501 0.417
-12.514    9.742   11.971 -0.834
-11.884    9.155   11.492 0.417
-13.222    9.096   12.064 0.417
-12.565   11.116    0.100 -0.834
-13.422   11.264   -0.334 0.417
-12.686   11.542    1.014 0.417
-17.843   16.500    5.355 -0.834
-17.109   16.045    4.935 0.417
-17.597   17.436    5.199 0.417
-10.854   18.558   18.491 -0.834
-10.109   17.964   18.496 0.417
-10.518   19.356   18.944 0.417
 -8.563   13.795   -0.051 -0.834
 -9.108   13.629   -0.834 0.417
 -9.124   13.721    0.759 0.417
 -8.050   15.322   14.900 -0.834
 -7.928   14.397   14.787 0.417
 -7.182   15.651   15.219 0.417
-13.200   17.116    2.652 -0.834
-13.097   16.138    2.827 0.417
