-18.339 -13.319 -18.057 -0.834
-18.057 -14.261 -18.019 0.417
-19.222 -13.401 -18.517 0.417
-17.290 -13.815 -12.460 -0.834
-17.533 -13.764 -13.439 0.417
-16.590 -13.145 -12.420 0.417
-16.680 -18.561 -16.307 -0.834
-16.982 -18.737 -17.205 0.417
-15.782 -18.263 -16.467 0.417
-15.346 -14.283 -14.977 -0.834
-14.941 -14.874 -15.605 0.417
-14.591 -14.215 -14.366 0.417
-15.506 -12.070 -16.916 0.417
-16.959 -12.273 -16.803 0.417
-17.579 -16.225 -14.942 -0.834
-17.316 -17.066 -15.348 0.417
-16.781 -15.660 -14.952 0.417
-14.859 -18.389 -19.501 -0.834
-15.303 -18.890 -18.766 0.417
-13.969 -18.698 -19.414 0.417
-14.539 -13.246 -18.057 -0.834
-13.588 -13.373 -17.982 0.417
-14.791 -14.044 -18.566 0.417
-12.471 -15.492 -18.604 -0.834
-13.217 -15.489 -19.232 0.417
-12.119 -16.482 -14.300 -0.834
-12.930 -16.166 -13.831 0.417
-13.561 -14.856 -12.545 -0.834
-12.690 -15.164 -12.163 0.417
-13.860 -16.331 -16.296 -0.834
-13.268 -16.163 -17.051 0.417
-13.193 -16.592 -15.622 0.417
-19.312 -17.219 -12.886 -0.834
-18.512 -16.810 -13.297 0.417
-19.947 -16.571 -13.070 0.417
-17.722 -16.078 -18.800 -0.834
-17.299 -16.608 -19.440 0.417
-18.444 -16.594 -18.585 0.417
-17.453 -12.153 -19.423 0.417
-16.111 -12.225 -18.907 0.417
-12.428 -19.580 -16.522 -0.834
-12.364 -19.661 -17.497 0.417
-13.372 -19.766 -16.470 0.417
-18.867 -12.920 -14.922 -0.834
-18.799 -12.898 -15.863 0.417
-19.642 -13.451 -14.698 0.417
-12.072 -19.470 -14.307 0.417
