inf
0.823415
0.214982
0.0925085
0.239326
0.187897
0.0385457
0.142541
0.0362486
0.0911627
0.081486
0.0551286
0.0624477
0.0453396
0.0607282
0.0130829
0.0117771
0.0125803
0.0457378
0.0274119
0.0487536
0.00134116
0.00916809
0.0358033
0.0282288
0.00872737
0.00315763
0.0118024
0.0198978
0.0279869
0.00497886
0.0105812
0.0200561
0.0035975
0.00653048
0.0270497
0.0192415
0.0127174
0.0246982
0.0218993
0.0243471
0.0075477
0.0187108
0.00310838
0.0140961
0.00163885
0.0100369
0.00833643
0.00566489
0.0174881
0.018021
0.0165987
0.00576236
0.00768926
0.0107769
0.00550503
0.00315183
0.00782828
0.0122479
0.0135589
0.0104653
0.0155287
0.00557039
0.000238173
0.0151312
0.00393526
0.0098621
0.00286584
0.0108943
0.00118969
0.0069028
0.00358784
0.0114979
0.00976067
0.0038306
0.00819929
0.0119916
0.00970802
0.0045384
0.000720402
0.00886001
0.00154069
0.00391166
0.0113751
0.00952994
0.00581655
0.000258631
0.00298939
0.0100924
0.00662354
0.00238093
0.00738835
0.00125766
0.00652256
0.00273183
0.00710327
0.00153267
0.00214404
0.00279803
0.00126299
0.00494969
0.00278382
0.00599121
0.00242712
0.00951914
0.00612321
0.00145389
0.00187954
0.00265645
0.00528557
0.00883214
0.0027184
0.000851524
0.00581752
0.0077348
0.00557522
0.00546772
0.00343163
0.0076041
0.00137543
0.00150885
0.00544463
9.12996e-05
0.00213682
0.000772927
0.00609537
0.00728887
0.00673968
0.00117101
0.00679271
0.00196095
0.00377395
0.00237113
0.00472221
0.000454692
0.00649479
0.0015746
0.000538475
0.00551211
0.000824469
0.00462956
0.000908783
0.0044938
0.00122529
0.00133998
0.00627318
6.88279e-05
0.00369703
0.00513948
0.00649618
0.000953067
0.00529832
0.00338842
0.00437895
0.00107767
0.00366722
0.00456169
0.00112816
0.00524533
0.00491474
0.00507032
0.00333809
0.00124814
0.00364675
0.00450841
0.000855754
0.00177722
0.00265295
0.00278208
0.00230655
0.00213039
0.00458727
0.0014795
0.00179112
0.00257691
0.000605915
0.000632046
1.25942e-05
0.00293678
0.00109382
0.00292833
0.000522487
0.00187062
0.00194291
0.00432376
0.000216966
0.0030019
0.00400855
0.00438076
0.00523271
0.00203771
0.00187578
0.00366855
0.00283802
0.00377028
0.00222549
0.00236057
0.00445597
0.00464164
0.00172332
0.00461978
0.00424061
0.0046712
0.0023871
0.00379274
0.00288668
0.00336227
0.00120888
0.00214628
0.000157966
0.0036899
0.00129438
0.000114587
0.000661007
0.00176049
0.00176562
0.000596946
0.0014141
0.000947327
0.00265322
0.00334135
0.00304195
0.00345027
0.000191036
0.000390402
0.00329538
0.0014224
0.00164307
0.00359066
0.000810358
0.00395729
0.000324897
0.00124174
0.00259101
0.00100538
0.00262586
0.00408596
0.00126259
0.000518223
0.00153734
0.0023203
0.000993608
0.00213013
0.00142098
0.00272621
0.00141285
0.00012903
0.00121934
0.00101141
0.00060875
0.00109954
0.00263005
0.00291061
0.00360276
0.00360191
0.000120638
0.00119025
0.0021566
0.00292238
0.000393404
0.00250719
0.000636383
0.000613493
0.00200576
0.00277121
0.000358564
0.000262718
0.00239215
0.00222241
0.00362726
0.00322178
0.00277284
0.00171524
0.00321505
0.00231327
0.000406388
0.00247314
0.000892102
0.000997812
0.00328826
0.00198424
0.0028244
0.00345229
0.000987637
0.00147772
0.00218798
0.00238488
0.00302229
0.000227326
0.00227012
0.00106979
0.00320988
0.000647929
0.00109726
0.00339361
0.00270381
0.00188098
0.00239253
0.00107447
0.00181337
0.00144902
0.00328007
0.00109308
0.000242491
0.000509681
0.000172163
0.000308289
0.00083434
1.29141e-05
0.00196046
0.00306316
5.25213e-05
0.00224471
3.51555e-06
0.00220896
0.00255027
0.0019348
0.00311232
0.00290434
0.00106262
0.00240462
0.00114803
0.00123695
0.00164935
0.00164094
0.00184079
0.000927606
0.0019284
0.00198343
0.000460142
0.000551468
0.00277865
0.00268746
0.00216434
0.000999024
0.00123943
0.00152111
0.000597658
0.000404999
0.00131742
0.00102818
0.00195734
0.00115317
0.00071492
0.00250775
0.00136687
0.00118215
0.00012002
0.00161886
0.000136503
0.00212868
5.71933e-06
0.000532354
0.0023889
0.00189122
0.00234435
0.00210732
0.00249713
0.00195644
0.00176718
0.000790049
0.00140666
0.00260203
0.00186638
0.00200377
0.00205921
0.00128627
0.00265895
0.00250179
0.00139733
0.00196012
0.000695229
0.000551002
0.000724309
0.00197681
0.000472386
0.000868599
0.000234245
5.16751e-05
0.00197901
0.0018112
0.00207908
0.0001793
9.93509e-05
0.002455
0.000879417
0.00194566
0.00103232
0.00214918
0.000831876
0.00118566
0.00194174
0.000770348
0.00138575
0.00197548
0.00156188
0.00121337
0.0022373
0.00188783
0.00177818
2.94138e-05
0.00077246
0.00109118
0.00167806
0.000513482
0.00194132
0.00124756
5.07828e-05
0.00125466
0.00115651
0.00191291
0.000743369
0.00157256
0.000357889
0.0014415
0.000796986
0.00113073
0.00136304
0.0010388
0.000165155
0.000822192
0.00220224
0.000193289
0.00142852
0.00221751
0.00079823
0.00053219
0.00051962
0.00227184
0.00139409
0.00076914
0.00198304
0.00220291
0.000684629
0.000417484
5.2566e-05
0.00028961
0.000539585
0.0011442
0.000657796
0.000627875
0.000881334
0.00181478
0.00210524
0.00156823
0.000287771
0.00122444
0.00151926
0.000601256
0.000238093
0.00169979
8.91239e-05
0.000810936
0.000441174
0.0007485
0.000870739
0.00139271
0.00121617
0.00164189
0.00154967
0.00058798
0.00110201
0.00188396
0.000783401
7.97546e-05
0.000906801
0.000511538
0.00188872
0.000173411
0.00148685
0.00203657
0.00212216
0.000964431
0.00137694
0.00105815
0.0017208
0.00117235
0.000798279
0.00146239
4.32678e-06
0.000589551
0.00113729
0.000195686
0.000121809
7.59877e-05
0.00114734
0.000864216
0.00173381
0.000691847
0.000949016
0.000451079
0.00170763
0.00135037
0.0018021
0.001196
0.000653296
0.00114931
0.00146438
0.00145639
0.00134371
0.000271582
0.00101343
0.000970308
0.00102769
0.000852317
0.00175511
0.000904194
0.00163253
0.000929936
0.00175777
0.00182091
0.00165808
0.000687743
0.00119591
0.000436031
0.000375672
0.00173912
0.000249182
0.000552246
0.00106528
0.000667246
0.00135323
0.0008798
0.000783504
0.00181144
5.92077e-05
0.00173095
0.000951588
0.00105082
0.00106348
0.000152145
0.00169623
2.33857e-05
0.00128756
0.000450496
0.00109558
0.000639432
0.000999039
0.00143713
0.00145238
0.00172784
0.00053408
0.00081902
0.000435221
0.00133981
0.000450013
0.00161505
0.00090992
0.00172725
0.00178319
0.000393394
0.00137616
0.000669744
0.00113286
0.000423948
0.00147839
0.000586496
0.00156134
0.000361165
0.000493508
0.00110253
0.000202054
0.000714496
0.00144234
0.000811072
0.0016175
0.000783345
0.000138302
0.000150586
0.00128216
5.23558e-05
0.00155481
0.00125106
0.000608093
0.0010144
0.000602173
0.00128823
0.000117945
0.000515562
4.25776e-05
0.000753924
0.000924793
0.000902439
0.00112757
0.000318918
0.000961843
0.000398832
0.000955367
0.000277464
7.22412e-05
0.000623658
0.000157983
0.00151877
0.00111175
0.00126854
0.000239242
0.0014069
4.86636e-05
0.00105133
0.000285177
0.00128095
0.000311769
0.000442626
0.00030729
0.000170604
0.00150831
0.00030309
0.00078996
0.00101974
0.000664889
0.00109775
0.000500493
0.00115187
0.000498051
0.000614542
0.00113155
0.000469154
0.00146538
0.00105682
0.0010078
0.0012872
0.00150142
0.00132862
0.00130079
0.00114198
0.00137018
0.000211383
2.09716e-05
0.000418526
0.000971129
0.000589055
0.000907564
9.36979e-05
0.00125312
0.00091368
0.000943624
0.000342419
0.000723464
0.000105342
0.000789498
0.00116623
0.000873307
4.11847e-05
0.000374029
0.000481954
0.00152145
0.00127506
0.000710529
0.00104747
0.00120821
0.000977355
7.66134e-05
0.000317923
0.000777855
5.47883e-05
7.52561e-05
0.00106235
0.00122957
0.00055497
0.00072232
0.00107675
0.00149782
0.00122522
0.000311841
0.00018915
0.00140984
4.83542e-05
0.000139459
0.00120493
0.000888582
0.000823339
0.000412149
7.74945e-05
0.00122418
0.000469484
0.000439916
0.000188352
0.0010626
0.000591893
0.00116936
0.000211711
0.000221865
0.000796825
4.01219e-05
1.14247e-05
0.00120906
0.00128326
0.000404517
0.00134834
0.000273323
0.000490277
0.00046902
0.000832891
0.000308784
0.000385767
0.000601169
0.0009126
0.000584126
0.00102757
0.000555318
0.00022454
0.00023379
0.000179986
0.000688502
0.000752328
0.00125745
0.000867337
0.00124412
0.000541676
0.000220318
0.000768206
0.000808511
0.000578739
0.000251727
0.000358606
0.000724116
0.00117253
3.98177e-05
0.000693988
0.000936629
0.00138887
0.000646412
0.00117611
0.00121482
0.000876366
0.000952106
0.000821788
0.000109356
0.00128638
0.00111002
0.00113926
0.00108657
0.000311282
0.000619433
0.000991804
0.00113052
0.00106483
6.05471e-05
0.000982364
0.000416204
0.000103076
2.55288e-05
0.0011497
0.000936779
2.85131e-05
0.000434549
0.00100035
0.00045524
0.00117685
0.000655096
0.00123859
0.00033367
0.000482405
0.000462984
0.000431134
0.000783831
0.000961924
0.000455966
0.00116482
0.00121869
0.000414152
0.00109096
0.000454653
0.00117457
0.000815085
0.000459776
0.000261439
0.000206916
0.000746304
0.000822488
0.000174629
0.000677244
5.53951e-05
0.00123702
0.000784935
0.000637036
0.000415076
0.00101303
0.00127474
3.02423e-05
0.000859133
0.000391418
0.000730587
8.88847e-05
0.00114522
0.00107198
0.000393938
0.000836225
0.000998797
0.000678618
0.00076249
0.000224043
0.000550163
5.64128e-05
0.000169074
0.000548412
0.000943136
0.00086728
0.000681509
0.000858309
0.000603416
0.000377252
0.000969957
0.000466701
0.0011013
6.93581e-05
0.000152973
0.000825053
0.000927106
0.00122671
8.63046e-05
0.000862084
0.00101737
0.00102085
0.000393694
0.000133404
0.000239717
0.000827163
0.00058446
0.000170353
4.68795e-05
0.000832169
0.000785116
0.000135398
0.000794921
0.000264677
4.86865e-05
0.000622482
0.0010727
0.000914298
0.000876785
0.000411945
0.00101252
0.000623081
0.000601039
0.000560374
0.000687258
0.000481867
0.000139728
0.000835878
0.000758559
0.000621342
1.68484e-05
0.000295579
0.000983152
0.000329815
0.000172114
0.000197758
0.00022718
0.000671829
0.000735159
0.000850621
0.00079841
0.000855434
0.000365025
5.57473e-05
0.000456791
0.000829136
0.00113674
0.00113225
0.000494898
0.000673239
0.00110908
0.000796021
0.000122958
0.000335008
0.000204602
0.000971296
0.000449186
5.79021e-06
0.000888625
0.00048828
0.000511115
0.000260137
0.000543619
0.000821143
0.000168745
0.000256709
0.00110318
0.000246
0.000816464
0.000696755
0.000157269
0.00111321
0.000754969
0.000828774
4.55813e-05
0.00101271
0.000631758
0.000927047
0.00100327
0.000494527
0.000583498
8.97168e-05
0.00015925
0.00061906
0.0011033
6.38237e-05
0.00040125
0.000582139
0.000860991
0.000650536
3.03473e-05
0.000200195
0.000942003
1.51253e-05
0.000570726
0.000603908
0.000840024
0.000224965
0.000713332
0.000553382
0.000164706
0.000551819
0.00102723
0.00093679
0.00103665
0.000235418
0.000888195
0.000670836
0.000195477
0.000281106
0.00076688
0.000104529
2.25244e-05
0.000685116
0.00104139
0.000718108
0.00103182
0.000811985
0.000833701
0.00102253
0.000556179
0.000879877
0.000810532
0.000374118
0.000794227
2.8397e-05
0.000952799
0.000507866
0.000255758
0.000250238
9.54152e-05
0.000974282
0.000681449
0.000464012
0.00100323
0.000219137
9.98361e-05
0.00102707
0.000886855
0.000230719
0.000892264
0.000209339
0.00019823
0.000317718
0.000523229
0.000889133
7.38951e-05
0.000494311
