  10 0.1
0.164805    -0.755192    -0.268835    -0.025358    -0.233909    0.0931534
0.225416    -1.16458    4.27496    -0.00523594    0.298028    0.172387
-0.29355    1.29541    6.39066    -0.013335    0.31452    -0.0377452
-0.217548    0.253135    -3.55993    -0.0124881    -0.333604    0.06493
-0.276106    0.677721    -0.00859682    0.113653    0.654005    -0.221087
0.397842    -0.705879    0.685532    -0.0209201    0.0489859    0.274238
0.0268073    0.46993    -0.110084    0.318464    -0.206665    -0.318183
0.234484    -3.13962    -5.00979    0.0537271    -0.12572    0.273837
0.0229844    -0.405501    -0.0534925    -0.112143    -0.204137    0.0920692
-0.269385    -0.797432    1.77997    0.0549156    0.635195    -0.178403
0.308303    -0.239233    0.206028    -0.017342    0.784894    0.242598
0.250312    -4.34939    -2.21997    0.0219411    -0.21934    0.303372
-0.0235727    -4.92886    0.592465    -0.00841106    -0.0012692    0.275585
-0.0322955    -0.454615    0.273167    0.159654    -0.172855    0.448732
-0.539854    -4.43833    2.65132    0.0594064    0.121931    0.263899
0.502626    1.40408    -0.503664    -0.116216    -0.0408982    -0.333338
0.298761    0.574816    -0.0579646    -0.345283    -0.145999    -0.40097
-0.255475    -0.258664    0.415424    0.196345    0.597486    0.189651
-0.386783    -3.47842    -2.07059    -0.0825307    -0.165135    0.464451
-0.0617318    1.61559    0.37152    -0.184701    0.377333    -0.408547
0.0543879    -0.794858    0.251302    -0.333528    0.192269    0.238391
-0.115621    1.53858    -0.234005    0.0824934    -0.170745    -0.719378
-0.00461783    -0.0407475    -0.163287    0.225901    -0.203136    0.0406223
-0.358984    0.222248    0.34369    -0.193543    0.68747    0.238439
0.688418    -7.28202    -1.6602    -0.00399808    0.0569636    0.226808
-0.712646    2.20182    7.07834    0.00290884    0.250733    -0.0908413
0.0275941    0.480536    0.196074    0.307385    0.465156    -0.0175769
-0.00673129    0.188842    -0.00659923    0.575428    0.203873    -0.132739
0.332314    -0.945251    0.078935    -0.24694    -0.355359    0.420512
-0.221902    3.81141    0.374564    0.0863129    -0.280306    -0.383591
-0.251853    -3.56606    0.380137    -0.036154    0.263943    0.399039
0.502608    -5.49491    1.20115    0.0604879    -0.0244945    0.255731
-0.314151    -0.269781    1.22244    -0.0924861    0.444816    0.117627
-0.102154    -2.52177    -0.422945    0.00706944    0.0296332    0.275264
0.0269439    -1.5294    -4.38561    -0.0850474    -0.363639    -0.0579391
0.120327    1.44288    -0.451728    -0.0922276    0.037871    -0.641446
-0.0195508    4.7738    2.68217    0.0241925    -0.0631246    -0.341963
-0.0427795    -1.19126    0.244286    -0.195623    -0.301572    0.408606
0.11199    1.05795    0.0349325    0.0767026    0.531601    -0.402302
0.12166    0.0644784    0.0124746    -0.389995    0.435998    0.126367
0.174291    -0.0403579    0.320846    -0.0217934    0.754888    -0.130101
-0.299165    -0.978552    -1.20034    0.122777    -0.344169    0.0404742
0.33428    -0.549947    -0.808125    0.00499047    -0.401848    0.619296
0.0192208    -0.449115    -0.120099    -0.284542    0.117922    0.0514298
0.0147761    -1.51188    3.88276    -0.0765425    0.31596    0.207597
0.120055    0.873368    0.202642    0.242018    -0.499222    -0.540121
0.131972    -0.157277    -0.0113156    0.268532    -0.50002    0.200897
-0.12496    -3.85881    -1.82281    0.0503871    -0.165243    0.343625
-0.0163012    -0.988178    -0.158824    0.154049    -0.588994    0.541838
0.004529    -0.66201    0.0407372    0.00423761    -0.226516    0.269758
0.139419    5.84534    -0.247584    -0.0516155    -0.194839    -0.302178
0.101682    -1.42465    0.606382    -0.0211866    0.623968    0.290265
-0.000739276    0.44631    0.456842    -0.182752    0.95551    -0.202324
0.0450452    -5.02196    -3.59418    0.0392919    -0.122924    0.28057
0.0457407    0.192692    0.0246419    0.407623    0.792549    -0.203886
-0.066982    -5.24686    3.55433    -0.0101382    0.251792    0.194334
-0.0457222    0.545057    -0.134946    0.196592    -0.729479    -0.692368
-0.0227329    1.12613    -1.71579    -0.109219    -0.514829    0.0164525
-0.0961983    3.81516    3.85368    -0.00706919    0.264923    -0.148422
0.162508    0.954846    -6.78764    -0.01599    -0.263137    0.00321293
-0.390417    -4.31035    -0.527246    0.0116315    -0.136051    0.33795
0.091493    0.269741    -0.349492    -0.260193    -0.684404    0.257303
-0.237217    -0.587582    -0.339038    -0.231285    -0.252426    0.430823
0.0623172    2.70454    -3.91555    0.0183472    -0.211176    -0.233667
0.00763878    -0.591878    0.275867    0.0585876    0.0266935    0.326806
-0.24514    -0.239571    -0.189626    -0.36712    -0.289463    0.228327
-0.213109    -0.264823    -0.217491    -0.0955302    -0.579077    0.611619
0.274974    4.20708    1.85409    0.0587661    0.133197    -0.312127
-0.133155    -0.0485043    -0.0825923    0.215171    0.249281    0.148965
0.156793    0.349517    -0.610629    -0.0966205    -0.695709    -0.0616866
0.15458    -0.963944    -0.0775488    0.200125    0.0646949    0.12497
-0.00258461    0.020774    4.30697    0.0728724    0.343981    0.0647696
0.188458    -0.86506    -0.962507    -0.199907    -0.292252    0.425349
-0.190111    0.627553    -0.851827    0.25674    -0.368608    -0.252313
-0.0249549    6.69527    3.13759    -0.0160762    0.233929    -0.243798
-0.0179313    1.21076    0.111596    0.251109    0.0283212    -0.409323
0.0788762    1.91464    -1.80189    -0.0905944    -0.317456    -0.232574
0.173105    -2.04321    3.67247    0.0197416    0.462708    0.00185656
0.163738    -0.19581    0.07851    0.0532603    0.0203461    -0.0117188
0.287409    -0.612735    -0.231093    -0.0277134    -0.358889    0.330413
0.0275537    -0.345445    2.61631    0.00412925    0.557164    0.152884
-0.14791    1.05052    0.210141    0.0244534    0.419009    -0.361096
0.199855    0.135885    0.125782    0.322066    -0.0591186    -0.271766
-0.0706885    1.2499    0.802863    -0.0226362    0.322388    -0.558816
-0.0155058    -1.04162    -0.124523    0.0716691    -0.667411    0.113407
-0.601974    -0.679173    -3.6293    0.0107504    -0.319719    0.0812915
0.191287    3.90711    4.42264    -0.0485684    0.182253    -0.276216
0.205705    -0.105786    0.365121    -0.465092    0.475661    0.548592
0.0227386    -0.0085183    0.250472    -0.447698    0.733876    -0.10299
-0.0763369    0.579141    -0.252524    -0.130407    -0.163508    -0.300333
0.0775372    -1.5699    5.60389    0.0278245    0.328406    0.0541727
0.303186    -0.383355    -1.39526    -0.141428    -0.520937    0.465449
-0.117784    4.50942    0.709181    -0.0247314    0.0816728    -0.343808
-0.000571951    3.79581    6.08168    0.0161747    0.296468    0.0109435
0.162991    2.15048    0.559403    0.120858    0.263958    -0.417087
0.161971    -2.51111    -0.608582    0.0156537    -0.138747    0.636945
0.217506    -0.349136    -0.151512    -0.232314    -0.498861    0.299555
0.0800891    -0.185142    -0.063068    0.129526    -0.096744    -0.00977708
0.0373667    0.895689    0.382826    0.114209    0.384661    -0.607805
-0.0883117    0.713522    0.617062    -0.262597    0.252353    -0.116107
-0.154033    0.297012    -0.101618    -0.0336244    -0.902844    -0.356464
-0.108563    -0.684282    0.855251    -0.0130713    0.602445    0.285484
-0.0463102    -0.806352    0.246345    -0.188721    0.314485    -0.0430383
-0.091319    -0.46822    -0.197602    -0.247514    0.35133    0.492429
-0.102633    3.02317    1.32587    0.0242823    0.0684285    -0.486986
0.0368073    -0.224291    0.164693    0.400494    0.545882    0.499382
-0.356582    -0.693945    -0.298446    0.0232771    -0.349027    0.232439
0.141249    -4.8841    1.66    -0.0392262    0.109977    0.280671
0.0278668    -0.811692    0.663075    -0.239137    0.457228    0.481815
0.276739    -6.08159    -0.0986339    -0.00471374    -0.102505    0.322318
-0.131338    5.46641    1.00493    -0.00451622    -0.0123658    -0.3667
0.104646    -1.13507    0.0135711    -0.201122    0.141515    0.302018
-0.64984    0.677746    -0.131268    0.194663    -0.232286    -0.37142
-0.398919    -1.32041    0.0451708    -0.0192553    0.0587043    0.701447
0.330275    0.978741    -0.251322    -0.255598    -0.00403278    -0.283495
0.0319759    0.0346023    0.372013    0.333672    0.746894    0.50617
-0.0969232    -1.55578    0.259919    0.0251963    0.0231772    0.360988
0.111519    0.131431    -0.087744    -0.0491647    -0.277401    -0.111811
0.591651    4.15769    -5.29874    0.0169543    -0.188876    -0.14158
0.0311725    0.405496    0.0510688    -0.148247    -0.141656    -0.380535
-0.20756    1.4167    -0.35275    -0.105187    0.219012    -0.36701
-0.350076    -0.504612    0.161101    -0.146934    0.336196    0.44
-0.0708705    -0.444171    0.214993    -0.250211    0.482144    0.0992519
0.511066    -0.681484    0.302759    -0.0681207    -0.246107    0.284964
-0.183232    -7.44241    -2.29513    0.0101275    -0.00431406    0.268132
-0.0260095    1.07317    5.7174    0.0250268    0.31021    -0.0902104
0.0575646    0.381976    -0.125179    -0.16294    0.41382    -0.471967
-0.12704    -0.528945    -0.177546    -0.139139    -0.21391    0.420237
-0.0984924    0.572696    -1.98827    -0.0478638    -0.521197    -0.301194
0.0406063    1.65688    -0.109319    0.0562001    0.24773    -0.267159
-0.482256    -1.54549    -0.138138    -0.052411    -0.0770125    0.435076
-0.300864    0.329466    0.125863    0.0816378    0.669644    -0.374647
0.124558    -2.66329    0.535891    0.054064    -0.0964261    0.52968
-0.13171    0.58341    -0.319386    -0.234975    -0.441018    -0.854561
-0.0937707    -5.79607    0.874897    -0.00129068    0.0354822    0.388478
-0.0575353    0.269902    0.0523879    0.0580344    0.290424    -0.344987
0.0214103    -0.0699645    -0.0525217    0.455677    -0.561924    0.0938109
0.121739    -1.33426    -0.373744    -0.0562389    -0.0189228    0.447879
-0.0262892    0.397788    0.229084    0.289858    0.908049    -0.362318
-0.0980985    -2.85586    -4.96611    0.0215905    -0.192414    0.250149
-0.109117    -0.31663    -0.356346    -0.0968992    -0.217603    0.573007
-0.0503721    -0.717094    0.343443    0.380155    0.383887    0.50365
0.080467    -4.09336    1.89229    0.013629    0.299501    0.19801
-0.0507307    2.16268    -0.369752    0.0823243    0.00741088    -0.330751
0.167026    -0.613988    0.398587    0.307037    0.293284    0.446197
-0.00211113    0.853687    -2.74934    -0.0677571    -0.498795    -0.259077
0.0604029    0.454881    0.0318816    -0.0924299    -0.317452    0.0149827
0.1511    0.617392    -3.53324    0.0267418    -0.350017    -0.256153
-0.100562    -1.79149    1.5513    -0.0308927    0.438764    0.238698
-0.0063019    0.569198    -0.302121    0.214321    -0.423285    -0.760812
-0.165809    -1.2474    0.722602    0.123852    0.242431    0.345055
0.00154304    0.55439    -3.67227    -0.0253528    -0.432536    -0.0636942
-0.0937681    -3.64677    -1.00736    0.0827452    -0.0369627    0.343918
0.299694    1.32559    0.0825433    -0.0563177    -0.0276013    -0.754044
-0.225667    0.0676694    -1.82028    0.0642549    -0.589056    -0.10432
0.0951037    1.23989    -0.243853    0.0556785    -0.477985    -0.433015
-0.16923    -4.00637    -1.86852    -0.0807035    0.0422672    0.377758
-0.103063    -1.2839    -0.0195259    -0.012638    0.00661455    0.179099
0.0214653    2.34888    2.08958    -0.0484675    0.338688    -0.330928
-0.0729602    -3.75337    -0.893912    -0.0177509    -0.0316404    0.469075
-0.0974219    0.350727    -0.850087    -0.0843817    -0.797641    0.0136416
-0.15604    -0.31675    0.350138    0.401703    0.288439    0.678912
0.0629219    -0.30739    -0.996302    0.0450092    -0.642652    0.00547133
-0.286209    3.79339    -0.713564    -0.00759175    -0.0582668    -0.355148
0.272972    4.27068    -3.80352    -0.0503142    -0.0193896    -0.308729
-0.3346    1.08001    0.364067    0.0413635    0.0574809    -0.244686
-0.156224    0.460953    -0.681552    -0.0628577    -0.345036    -0.412481
0.00775647    -0.000961086    0.00153538    0.165303    -0.511007    0.0116616
-0.506423    4.66992    -2.90284    -0.0433706    -0.0817583    -0.247283
-0.306511    -0.483298    4.02606    0.0671927    0.426547    -0.100907
0.13542    0.250059    -1.03637    0.0125529    -0.802923    -0.185489
0.0774856    0.237503    0.133901    0.223684    0.624682    -0.210533
0.117007    -0.146578    0.111964    0.204686    0.746319    -0.0524183
-0.0623825    -4.19036    5.23825    0.0291309    0.173473    0.0912564
-0.0353806    -2.2275    0.452263    -0.105253    0.027723    0.655567
-0.0151073    -0.914624    0.20659    0.0353286    0.0997804    0.334139
0.0182624    -0.301594    0.224289    -0.163763    0.589962    0.206247
0.416761    0.884625    0.140902    0.036252    0.188361    -0.244125
0.11839    -1.04272    -2.18311    0.0280295    -0.227914    0.439282
-0.0648407    0.78573    0.183696    0.093001    0.283895    -0.909416
-0.0726624    2.23356    2.56509    0.029992    0.223568    -0.327679
-0.588795    -1.8629    4.42068    -0.0744576    0.302966    0.0478139
-0.193698    5.30145    -4.8955    0.0106846    -0.144946    -0.241271
-0.422699    0.973338    -0.276197    -0.137546    -0.328548    -0.344083
-0.0754259    2.2664    0.627691    -0.0866534    0.00618593    -0.512387
-0.189539    0.844661    -0.689201    0.0954494    -0.312664    -0.773547
-0.0525307    0.370512    -0.530712    0.0802892    -0.584264    -0.0927328
-0.0347288    1.62732    0.182536    -0.00819446    0.174087    -0.291675
0.0390344    -0.828519    0.603423    -0.156689    0.151431    0.248148
0.348319    1.43236    -0.921963    0.0317507    -0.0276755    -0.391834
-0.285887    0.701706    -0.0311375    0.155842    -0.0983343    -0.247183
0.453882    7.12971    0.213572    0.0556777    -0.0189601    -0.228826
-0.294435    -3.96747    -5.00134    -0.00353977    -0.248229    0.12963
-0.639985    5.37761    -0.156566    0.0631646    0.0767929    -0.23949
0.126039    -1.12536    3.44325    -0.0385411    0.445739    0.0266059
0.141317    -0.547527    -2.34453    0.0196411    -0.509534    0.20001
-0.781668    0.591359    -2.36232    0.0647384    -0.585386    0.14051
-0.0041609    -0.604918    -0.0561625    0.22761    -0.0726098    0.475352
0.845782    4.04161    -1.23461    0.0054893    -0.3109    -0.202776
0.0890865    -0.778647    -0.082659    0.104223    -0.400438    0.124831
0.24416    2.85572    -1.13403    0.0314312    -0.180973    -0.517964
0.128134    -0.0159318    1.73946    -0.0147292    0.600055    -0.0347907
0.0687744    0.731118    -0.0110947    0.0364336    0.453867    -0.120991
0.234947    0.799978    -3.24308    -0.0626532    -0.404277    -0.022652
0.294152    0.558017    -0.176023    -0.0980149    -0.62775    -0.32011
0.126056    0.766154    -0.371471    -0.115775    -0.579008    -0.405705
0.0844295    -1.86147    5.90301    0.00517787    0.224793    0.156033
-0.0911766    2.88995    2.2014    0.0657007    0.20013    -0.425852
0.0352137    1.03723    -3.73939    -0.0411402    -0.439209    -0.219841
-0.0382193    -0.23123    0.156955    0.436184    -0.0580659    -0.116748
-0.157923    4.41982    -0.841035    -0.00242451    -0.281827    -0.34758
-0.0246074    0.00397797    0.0195651    -0.193307    0.756584    -0.278699
-0.165824    -1.18327    0.284477    -0.104058    0.119167    0.814481
0.381217    0.557221    -0.0317313    -0.304685    0.367447    -0.353104
0.0114859    -0.512824    0.440997    0.21967    0.850658    0.33143
0.214086    4.4556    -0.922739    0.0337031    -0.031749    -0.330217
0.141408    -2.26582    5.17006    -0.0238216    0.346816    -0.00784548
0.290257    -0.181921    -0.0709878    0.150272    -0.582721    0.00765394
0.0895466    0.173321    0.161833    -0.0314701    0.290732    -0.240672
0.0109    0.274915    0.210435    -0.456464    0.535784    -0.501766
0.19278    3.82987    2.56014    0.0217042    0.184413    -0.339091
-0.248344    0.397889    0.764277    0.157626    0.17309    -0.165524
-0.188883    1.45545    0.56049    -0.0460595    0.0404076    -0.258044
-0.00719055    0.0134596    0.211362    0.138075    0.305889    0.185836
0.0136764    2.84024    4.41271    -0.0090525    0.175305    -0.339414
-0.0423469    2.02956    0.404784    0.0207423    0.207188    -0.454858
0.236527    -2.04726    1.69194    0.0402269    0.256308    0.367342
0.00786541    -0.687556    -0.199524    -0.0439888    -0.132339    0.244558
-0.119391    0.441946    0.327434    -0.215505    0.364874    -0.0943877
0.251097    -2.44442    0.655774    -0.115492    0.231683    0.383196
-0.0196102    -0.655841    0.183178    0.100208    -0.203993    0.0481031
-0.166182    2.13548    -1.56145    -0.0180889    -0.275929    -0.279669
-0.191138    -0.432983    -0.0451318    -0.300484    -0.423664    -0.0174785
0.136234    -0.822891    1.45478    0.00737176    0.403488    0.316918
0.14186    1.0618    -0.754918    -0.133632    -0.483134    -0.434357
-0.0480942    0.0905781    -0.60906    0.3463    -0.449124    0.0319138
0.11909    -1.2746    1.06724    0.0788395    0.367041    0.433287
0.213404    -0.454876    -0.186126    -0.148265    -0.491755    0.346792
-0.0218515    2.69517    -1.17362    -0.00438991    -0.00927259    -0.415188
0.0955978    -3.22153    -2.70944    -0.00751119    -0.235353    0.336434
-0.0601585    -4.58693    -2.59637    0.0347532    -0.189658    0.269728
-0.21908    -1.54273    -0.00965388    0.136789    -0.0440261    0.751562
-0.13573    0.457317    0.568278    -0.162873    0.673497    0.0418714
0.636846    -0.593593    4.7166    -0.0240012    0.323047    0.217779
-0.231429    2.74785    -4.03745    -0.0203844    -0.192915    -0.364943
0.0104307    -0.475294    0.239022    0.197501    -0.238886    0.611785
0.126135    2.08646    -0.336801    0.0177374    -0.131003    -0.624482
-0.260287    0.125886    -1.2388    0.146536    -0.500985    0.0179871
-0.377362    0.782404    0.379085    -0.249998    0.29137    -0.2906
0.112054    1.99042    -2.26986    -0.0235296    -0.281446    -0.343599
-0.199484    -0.389225    -0.934705    0.0346528    -0.576697    0.155256
0.161112    -1.75568    4.47434    -0.0294956    0.331034    0.0531242
0.142428    0.402599    -0.0764225    -0.0213738    -0.522038    -0.252906
0.0391585    0.770705    -0.621389    0.166574    -0.528993    -0.234344
0.0976144    -0.968842    0.0416821    -0.110021    -0.268567    0.589119
0.169784    -2.09445    1.7431    -0.0323566    0.514241    0.101093
-0.0797464    -5.26364    -0.0139011    0.0114106    -0.0883385    0.338089
-0.260329    -0.866383    0.0766521    0.15365    -0.274993    0.314624
-0.164723    0.00582992    -0.0625722    -0.193025    0.0733402    0.0522538
0.512644    1.8249    -1.6384    0.0527501    -0.136653    -0.274679
0.137338    -0.401121    -0.218727    -0.232751    -0.676548    0.155293
-0.393417    -0.565044    4.92344    0.0137714    0.258    -0.120612
-0.0215162    4.3564    -1.53689    -0.00775076    0.0793226    -0.326182
0.0622909    0.0448267    -0.0860931    -0.168534    -0.466044    0.165684
-0.435701    -0.115746    1.3753    0.0231495    0.493112    -0.15018
-0.056964    -0.500396    0.0422315    0.022486    0.246275    0.512695
0.179764    3.48964    -1.08546    0.0656383    -0.106986    -0.409328
-0.223846    -0.767613    2.66496    0.0232484    0.404694    0.297996
0.0483276    -0.37693    -0.0784341    0.0635927    0.0438916    0.0119814
-0.126617    -0.30408    -0.00676027    0.510815    0.0673577    0.150374
0.0182998    0.991445    2.6715    0.0992929    0.416092    -0.269587
-0.267679    -5.6612    -2.20774    0.0175544    0.00455867    0.354977
0.0924701    -0.810825    0.43448    -0.0830204    0.631895    0.498371
-0.0300427    1.14556    0.0763832    0.22801    0.0708762    -0.206231
0.301302    2.56351    -0.03989    -0.0558381    -0.102735    -0.496862
0.0708963    -1.46418    2.77212    -0.0205412    0.529744    0.210741
-0.413372    -1.13581    0.102434    0.141805    -0.352377    0.269472
0.0558621    1.28168    0.178227    -0.160736    -0.339635    -0.596177
-0.0527274    0.425922    0.333567    0.212394    0.837245    -0.0941406
0.253602    0.248486    -0.409138    0.249803    -0.552687    -0.0681198
-0.166206    -2.06493    -4.3621    0.00312283    -0.382531    0.210913
0.0684951    0.595739    -0.557622    -0.0703997    -0.574333    -0.419389
-0.0420691    3.43685    -5.41379    -0.0306243    -0.211392    -0.139577
-0.245979    -0.480568    -0.655516    -0.234984    -0.247861    0.34887
0.0427741    -0.0111448    -0.203203    -0.276895    -0.587365    0.0391463
-0.0360892    -0.933542    0.133766    0.176579    0.0046621    0.298175
-0.287475    -1.42811    -0.388674    0.0699933    0.0409252    0.785487
-0.469841    -0.839943    0.112324    -0.0460708    0.440249    0.400613
0.103778    2.90828    -2.33397    -0.0111609    -0.193641    -0.301217
0.135554    1.1803    -0.0149156    -0.0482502    -0.220012    -0.480432
-0.177838    0.0836956    -0.359011    0.356566    -0.842267    0.233202
0.00737736    0.173609    -1.07349    0.0644642    -0.680318    -0.32873
-0.135083    -0.650173    -7.8142    0.0123845    -0.328349    -0.0431841
0.141786    3.12705    1.22296    0.0292875    0.314362    -0.27159
0.239695    0.360359    -0.402605    -0.299336    -0.56617    -0.486752
0.360821    0.57901    0.196409    0.0112739    0.317127    -0.918612
0.337862    0.373601    -0.152911    0.179668    -0.696058    -0.244081
0.118418    -4.4139    -4.65647    0.0308561    -0.26957    0.177429
0.270155    5.24038    -1.56164    0.0330065    -0.0383942    -0.282904
0.00840748    -5.35283    -0.536217    0.0233834    -0.170971    0.335746
-0.513163    1.67628    -4.15081    -0.00233604    -0.198245    -0.294218
0.185373    -0.897588    -0.164086    -0.0717612    -0.489432    0.451158
0.0414539    2.14384    1.66    0.0837018    0.386033    -0.478176
-0.244894    0.401684    0.215576    -0.0997037    0.979574    -0.194307
0.0733039    -0.746808    -0.553013    -0.023895    -0.380437    0.258673
-0.308793    0.941528    0.25004    0.103343    0.457694    -0.351592
-0.105627    -0.571998    0.228219    -0.207079    0.31846    0.0932705
0.0247484    0.899972    -0.70221    -0.119323    -0.502687    -0.629559
0.139269    -0.213383    0.362898    0.427654    0.838191    -0.110044
-0.116244    -0.491074    -3.93663    0.0191232    -0.387276    -0.0212069
-0.197639    1.08207    0.155959    -0.0878398    0.253456    -0.205816
-0.137982    -1.89337    0.571916    -0.099483    0.1097    0.279915
-0.0482864    -1.22326    0.580788    -0.0510994    0.14962    0.7009
0.189111    0.378575    0.214452    0.406645    0.472028    -0.160286
0.0694618    0.123201    0.19891    0.0382927    0.403323    -0.307424
0.13828    0.764024    -0.0379935    0.438516    -0.40682    -0.303877
0.109647    -5.11184    0.23933    -0.0102947    0.112639    0.332173
0.108317    -4.6592    -2.44022    -0.00879379    -0.00438814    0.322597
0.323894    -0.814033    -0.189051    0.196316    -0.589152    0.233094
0.176269    1.13691    0.0214187    -0.0684182    -0.243879    -0.395532
0.0162239    0.233651    -0.0642519    0.432538    0.0969831    -0.40826
0.0211423    -2.6057    3.46723    -0.0216429    0.333527    0.244409
0.338058    -4.93133    0.916934    0.00788546    -0.0406539    0.39215
0.311583    -3.01519    -4.86051    -0.0134942    -0.275481    0.243101
0.00251994    -1.81641    -3.18883    -0.0199542    -0.376897    0.233758
0.13564    7.51275    0.914571    -0.031043    -0.0258841    -0.245703
-0.356947    -1.40325    -2.64617    0.0125933    -0.466481    0.347498
0.0387007    -3.49948    -3.48766    0.00305839    -0.239406    0.378646
0.0584166    0.0223588    0.204859    -0.216513    -0.730393    -0.460168
-0.293254    -1.57565    2.8335    0.100035    0.524902    -0.0641116
0.205935    -0.638825    0.200764    -0.138236    0.198012    0.241754
0.0266321    0.107964    0.0531837    -0.0127667    -0.0530365    0.0706797
-0.0323049    -0.807268    0.0731923    0.0326701    0.429616    0.170497
-0.0668585    -0.430609    0.117144    -0.142623    -0.0127216    0.333596
0.23662    -0.408141    0.139356    0.18534    0.547952    0.643086
0.0503302    3.26367    1.09922    -0.0179014    0.187228    -0.363813
0.0821002    0.34499    0.14595    -0.0138902    0.295474    -0.495922
-0.195488    -1.06542    -0.113641    -0.158368    0.0426767    0.247844
-0.38926    1.60653    1.45663    0.245326    0.316279    -0.547112
0.165321    0.0524321    -0.0658176    0.208034    -0.456887    -0.00238501
0.277071    0.652541    -4.37865    0.023104    -0.288616    0.0947562
0.230967    0.337786    -0.188167    -0.0913795    -0.497064    -0.0151131
-0.123357    -0.387654    -4.20442    -0.0379024    -0.44243    0.0171684
-0.168468    -1.28228    0.450805    -0.0725906    -0.143507    0.382355
0.30454    -6.72157    0.593364    0.0523797    -0.0904746    0.221573
0.222729    0.130375    0.0758945    0.263346    0.512673    -0.0175928
0.235885    -0.801135    -3.92896    0.0873446    -0.308665    0.272104
-0.0760837    0.0111642    -0.159994    -0.182577    -1.13843    0.0937256
0.0873616    -3.13539    1.81133    0.0581141    0.358832    0.289767
-0.137155    5.51384    -0.995464    -0.00153772    0.189856    -0.35668
-0.24742    3.03618    4.38638    -0.0135167    0.220591    -0.157269
0.526978    -0.665532    0.113158    -0.309542    0.312161    0.280685
0.106214    -0.649934    -0.0133316    0.158233    -0.0259032    0.589674
-0.255559    0.532259    -0.445653    0.36989    -0.624279    -0.273601
0.0183975    -0.0119136    0.124883    -0.208677    0.451639    0.0725195
0.268905    0.301998    -0.267619    -0.0938463    -0.629194    -0.608765
-0.300611    0.745874    -0.33153    -0.304891    -0.369359    -0.507308
-0.129859    0.482657    0.268724    -0.17191    -0.313536    -0.601433
-0.0126098    0.220198    -1.09703    0.180239    -0.579111    0.0364604
0.359601    0.946828    -0.156496    -0.396771    -0.0693708    -0.18627
0.0307569    -1.91966    -4.06673    0.0441336    -0.419991    0.230169
0.0118459    0.178728    0.0751502    -0.36245    0.299313    -0.159592
0.0119862    2.28524    0.252834    -0.0925196    0.115773    -0.56395
0.0172604    -0.149303    0.381014    -0.0243477    0.872132    0.0640218
-0.148517    -0.101417    0.291116    0.33785    0.597452    0.445222
-0.0205788    -3.11343    0.0860412    0.00445503    0.0915309    0.439892
-0.00597441    -0.0109981    -0.0577066    -0.543411    0.277457    0.652531
0.160763    -0.500308    4.04444    0.00616238    0.352792    0.14356
0.384545    0.783635    -0.153501    0.142462    0.155756    -0.0148769
0.090115    -0.927631    0.196621    0.353123    -0.127512    0.529479
0.224894    1.27555    -0.00383213    0.0627226    0.105774    -0.578067
-0.361234    -0.802552    0.168414    0.148955    0.451929    0.496075
0.172372    -1.00499    1.00178    -0.0336458    0.667816    0.256371
-0.219852    2.38718    2.34568    0.0244767    0.232041    -0.475897
-0.0504052    0.4722    0.0577778    -0.263135    0.191787    -0.182843
0.0935829    2.09832    -1.25752    0.0496283    -0.285481    -0.346592
-0.117052    1.1772    -0.0202746    -0.0337902    -0.173404    -0.7172
-0.0502362    -0.298635    0.096535    -0.0747367    0.0673491    0.0540783
-0.0835266    -0.311339    -0.361804    0.38484    -0.559017    0.0304992
-0.0168895    -0.25271    0.0277134    -0.150748    -0.440614    0.103581
0.194208    -1.75136    -0.722451    -0.036716    -0.288878    0.413969
-0.644615    -0.760351    4.56128    0.0132651    0.318329    0.103177
0.00348018    -0.295889    -0.0998365    -0.447325    -0.636762    0.112943
-0.0273073    -2.35269    0.528443    0.0238723    0.309734    0.433908
-0.121244    -0.292861    -0.44381    0.0146043    -0.503603    -0.063533
-0.256536    -0.368452    -0.0838878    0.159575    -0.433028    0.500197
0.135859    -0.538079    0.0691467    0.244943    -0.268201    0.194594
0.61297    -2.98614    3.61902    0.00248801    0.312579    0.0494489
-0.0957445    -0.642411    -0.535812    -0.00744499    -0.549719    0.160551
-0.0911711    -1.65072    -3.28614    -0.0289737    -0.478456    0.273816
-0.0723174    0.618216    0.0262391    -0.32328    -0.150018    -0.235345
-0.036767    5.46428    -2.62216    -0.00879121    -0.181158    -0.289186
-0.15898    -0.293648    0.374532    0.131583    0.280127    0.11686
-0.0586789    -0.565376    -2.81753    -0.0257176    -0.589759    -0.00825762
0.15458    -1.60115    2.44608    0.126232    0.376112    0.280089
0.0597398    5.47699    -0.416861    0.0250073    0.142807    -0.262664
-0.107076    2.23107    -0.4565    -0.0837722    -0.0443554    -0.58868
-0.09721    -0.29131    0.369726    0.331026    0.514494    0.150375
0.162916    0.851591    -0.179412    -0.296651    -0.0881592    -0.256081
-0.72002    -2.1507    4.61895    0.0531976    0.289613    0.0867504
0.0391499    4.89453    4.60772    -0.0585463    0.149083    -0.177602
-0.0489787    4.37206    -4.01915    0.00729207    -0.179147    -0.214188
0.0788932    0.518299    -1.00107    0.289061    -0.638779    -0.316495
-0.0048748    -0.395908    -0.978893    0.119504    -0.346927    -0.0925959
0.0844544    -2.79166    -0.830323    -0.0062067    -0.231588    0.577741
0.0659283    -0.290112    0.0281526    -0.138066    -0.0171993    0.322215
-0.144152    -0.638914    -0.499791    -0.217426    -0.715403    -0.0436262
-0.00115488    -0.490773    -0.00931948    0.221577    -0.454541    0.0408995
-0.028494    -0.192403    -0.24592    -0.337757    -0.539211    0.121893
-0.0875702    -0.871635    0.00485544    0.437154    -0.250238    0.416433
-0.0243301    0.142043    -0.185488    0.391726    -0.528887    -0.197596
0.0550584    -3.56058    -0.12988    0.0113029    0.208078    0.392627
0.0611364    -0.0726137    -0.0746235    -0.566269    -0.842737    -0.194545
-0.19437    0.308165    -0.312771    -0.418183    -0.146267    -0.236599
0.0165737    2.38132    -5.58062    0.00577535    -0.143552    -0.331344
0.14464    4.77729    1.40731    0.0464763    0.0258636    -0.404387
0.290524    0.506003    0.109111    -0.225331    0.446865    0.0627712
0.171261    0.43825    0.0444304    -0.475388    0.315603    -0.423084
0.171826    -6.14103    2.57708    0.0103288    0.221579    0.218404
-0.091917    -4.62869    4.52009    0.0443768    0.17501    0.202849
-0.0159866    -0.156126    0.722701    -0.134514    0.758817    -0.0117441
-0.109248    0.0819249    -0.596057    0.349209    -0.662705    -0.364651
0.326393    1.26904    -0.595042    -0.27552    -0.361949    -0.389311
-0.0944327    -0.685764    0.204235    -0.340248    0.538996    -0.164725
0.0882806    -0.265914    0.10515    0.117352    -0.749012    0.173038
0.155006    3.29315    -2.75858    0.0170339    -0.373321    -0.270377
0.293255    6.65957    -0.124315    -0.00321068    -0.0223109    -0.224758
0.833421    0.990714    2.25504    0.0484437    0.514973    0.00344488
0.227504    -0.955365    0.541764    0.0436304    -0.0610448    0.28613
-0.0679047    0.376581    -0.787742    -0.185686    -0.644397    -0.253504
0.09409    -0.360404    -0.21281    0.140746    -0.793278    0.67223
0.390006    0.506371    -0.113774    -0.237958    -0.0973713    -0.352697
0.192888    0.6043    -0.292926    -0.104057    -0.156925    -0.0752196
0.0374933    0.406248    0.222008    -0.463075    0.622484    -0.048678
-0.307225    -0.661021    0.242287    -0.117402    0.351299    0.67795
-0.00882404    1.44313    0.477895    0.0910857    0.434435    -0.452469
0.208532    6.49361    0.707069    -0.038398    0.0559567    -0.319565
-0.613153    -0.168586    -0.640747    -0.16648    -0.621433    0.139786
0.673047    0.69476    -0.586126    0.0459246    -0.335136    0.102131
-0.147377    -1.0466    0.128501    0.446273    0.0271825    0.401183
-0.116297    1.07496    2.07749    -0.0528488    0.344106    -0.367041
0.0559996    -0.0840318    -0.000763679    -0.461082    -0.405564    0.136972
0.525712    -0.753546    -0.0804122    -0.143482    -0.571817    0.144764
-0.243483    -1.61781    -0.645567    0.0246374    -0.0248107    0.366346
0.0267188    -0.475103    -0.1492    0.357285    -0.273052    0.200586
-0.465258    -0.852123    -0.884299    -0.0338497    -0.464649    0.0815677
0.142722    -1.24556    2.23829    0.0149965    0.495117    0.168173
0.258245    -0.522997    0.2095    -0.211939    0.551928    0.433806
-0.40608    0.401614    0.080088    0.20082    0.378963    -0.495721
0.028476    1.44441    -0.346545    -0.0697988    0.199544    -0.428803
0.191282    0.724373    1.5976    -0.0208951    0.284132    -0.282107
-0.15002    -0.161875    -0.0833173    -0.0865682    -0.0720509    0.462885
-0.12321    -1.30577    0.370373    -0.00481326    -0.134887    0.358591
0.0133006    -1.32342    0.764452    -0.0189231    0.474026    0.496551
0.055897    -0.105902    0.0934682    0.180255    0.370331    -0.0904899
-0.0110677    1.10395    0.502344    0.184305    -0.333371    -0.198306
0.120313    -0.060854    0.0125397    0.0674043    -0.535468    0.0255652
-0.476038    6.54112    -1.97654    0.0163028    -0.126413    -0.188098
0.0532638    -0.0041666    -0.324334    -0.334818    -0.748653    -0.149616
0.00660934    3.11864    1.07201    0.0487832    0.513576    -0.336883
0.677484    5.16885    -2.94653    0.0412256    -0.140925    -0.217945
-0.00353356    5.24391    1.80773    0.00973693    -0.136409    -0.30674
-0.0583992    -0.223724    1.67394    0.0514549    0.608551    -0.060696
-0.0171216    -1.58414    -2.91445    0.0244036    -0.243039    0.247643
-0.134084    1.30157    1.43831    -0.126758    0.527193    -0.258298
-0.231082    1.29071    -0.107789    0.180106    0.200147    -0.644119
-0.443485    -1.06186    0.0355914    0.191464    -0.283447    0.320827
0.0370258    -2.37489    3.72511    0.006905    0.23702    0.298762
0.0930971    -0.42509    -0.000644758    0.0189778    0.856948    0.663331
0.0753257    -5.77198    -3.52157    0.0192278    -0.0824895    0.257051
0.28622    0.800153    0.013347    -0.0138146    0.235079    -0.181973
-0.0955599    -0.126702    -0.304312    0.435566    -0.85207    -0.211625
-0.0279119    4.46611    -2.37478    0.0187946    -0.0541854    -0.430581
0.107301    -4.96829    -0.731686    0.0147647    -0.032498    0.321203
0.236244    -0.714152    0.941778    0.093478    0.656882    0.187179
-0.16253    -5.79567    -3.22702    -0.0606458    -0.126278    0.171467
-0.423866    1.23657    -0.0390514    0.0956433    -0.403837    -0.161895
-0.0395564    0.959023    -0.10518    0.195182    -0.0879497    -0.0456695
0.179244    -3.47441    1.82795    -0.0101722    0.195874    0.22718
-0.204513    0.823342    -0.712832    -0.116134    -0.164717    -0.198013
-0.332986    -0.400088    -0.162364    0.0487218    -0.850908    0.289761
-0.0105937    -0.250552    0.173348    0.143585    0.883619    -0.126656
0.100427    -3.81182    -5.07101    0.0244995    -0.356552    0.064176
-0.0940484    0.083651    -0.341925    -0.275624    -0.541385    -0.601529
-0.102819    -0.105189    0.304039    -0.195919    0.575033    0.0180847
-0.153606    0.583459    -0.0695396    -0.416511    -0.309416    -0.315594
0.17671    -0.136902    -0.245087    0.252857    -0.807106    0.223832
-0.0540177    -4.43919    1.21606    0.0157553    0.124947    0.280476
0.0827665    1.01292    0.139893    -0.0588149    -0.156222    -0.871447
-0.108079    0.319668    -0.0459217    0.42533    -0.809666    -0.482645
0.100371    0.041139    0.212068    0.476091    0.90928    0.300332
0.206498    -4.57131    2.44179    -0.0273959    -0.0555766    0.319358
-0.0518081    -5.7614    -0.0436832    -0.0116532    0.00773482    0.312404
-0.213672    -0.123259    0.0970783    0.231272    0.670985    0.221471
0.605674    -5.11466    5.30643    -0.00457917    0.223408    0.149092
-0.0361337    -0.362196    -0.0249228    0.234771    0.33269    -0.00649994
-0.0813345    6.48977    4.44904    0.00803837    0.213782    -0.272898
0.057424    0.907643    0.0525058    0.131226    0.407596    -0.145349
0.101346    -0.677344    2.9534    0.0195717    0.224663    0.0784746
0.210162    0.627621    -3.34017    -0.0699733    -0.390809    -0.0969676
-0.0495979    5.6437    4.02142    2.23589e-05    0.228538    -0.212672
0.0294224    -1.91567    -5.68242    0.00320655    -0.402471    0.00601857
0.0538641    6.06621    6.35097    0.0113876    0.250614    -0.117515
0.428973    -1.09613    -0.146764    -0.111153    0.318496    0.180833
0.0886473    0.380058    0.068859    0.314639    0.496265    -0.27411
0.142709    1.22653    0.0286345    0.091168    0.0942817    -0.494909
-0.102716    -5.70719    -2.98764    0.0128249    -0.155455    0.306246
0.532091    2.27706    -6.05086    0.00788853    -0.230913    -0.0810385
-0.0714083    -0.91252    0.667972    0.00910264    0.569597    0.218392
-0.0822238    -0.320535    -0.0385305    -0.25938    0.438489    0.325323
0.112708    0.0124071    -0.173522    -0.360991    -0.593054    -0.153853
0.53045    -3.69726    2.14009    0.0628953    0.21229    0.186605
