0.6745722099782607
0.309552596539436
0.7342304411316236
0.10541774797684422
0.3157623228186346
0.03251081280894941
0.9072382754911404
0.7363330526432609
0.46282363806022897
0.089870998951739
0.39007070852856396
0.700288062169271
0.05586269465443039
0.6774012001543803
0.13041613392938434
0.14284356917271002
0.8777553851679029
0.4183049947330981
0.289599957051617
0.7414651962156806
0.47229856204613796
0.7193050323078665
0.7636155625894244
0.3493877552856173
0.9544792982513116
0.9653288368791952
0.9896180871898096
0.6578535896626844
0.26453717277459465
0.9832461620832317
0.23810696091171224
0.07940029328169007
0.7377460035054377
0.8884299116173747
0.06596557966119743
0.880436780944867
0.15402509192098934
0.5702912314136692
0.6161716419128115
0.30176380536325154
0.7809677238465346
0.1678201328112936
0.7304575593245122
0.16929356741108792
0.45742815377207424
0.34296059535898404
0.5244757381438122
0.7979100710766892
0.6542492676935575
0.20161727577841015
0.2991356468690104
0.3186001719585734
0.9312370148848198
0.08381663463202726
0.4526704390883919
0.3737188737768866
0.06027030994666749
0.062151407754562626
0.9606830592048003
0.23330008565196303
0.2841361853693045
0.600776311411571
0.9849685009786742
0.05823591069229617
0.3533512081693766
0.13052192592790257
0.5158094595471089
0.5888237241368344
0.05212045594346515
0.42599632422846434
0.238582128015977
0.5590023185350049
0.6097829156630314
0.10108616924188762
0.15665881796299408
0.23908374194871307
0.5346339876805367
0.023263213731593235
0.15187141665322845
0.1553836542120336
0.23228854916062436
0.4867448695244384
0.6954823738915377
0.38999533786722573
0.3054892312108993
0.20863898373851597
0.6783909469345444
0.7173767869552294
0.13473412746567037
0.6259409321514607
0.9795277352419565
0.034763827352806365
0.15867573432658744
0.3102990584658366
0.9531506699086193
0.5494820621159074
0.9900724354250663
0.22775651977528655
0.3155885033374848
0.5378660951140636
0.9639012165554159
0.3792774231916659
0.1596804124240967
0.6219102346894787
0.7267446693928872
0.305787709764184
0.05703657629275183
0.531591339351863
0.4358214142742286
0.17430771751432128
0.8782116197745362
0.2605236910081339
0.841022551404518
0.4170826629949219
0.9998978976154638
0.016511428541841622
0.8191568872856594
0.15831994582001818
0.41188125379705287
0.5289907830736116
0.2552091927661938
0.6749607492604037
0.3336682974196662
0.6571947420946868
0.20628103534731668
0.7961505983620225
0.41335416856874063
0.28027333164127155
0.9709642149279795
0.869021537215541
0.3588911940158017
0.09076413794341709
0.5483770553452029
0.8353262249043706
0.0785061155464879
0.6833163795272696
0.6890972698088268
0.9716528600404741
0.5767885574967303
0.5273410901088453
0.6969507456834763
0.1999984491672132
0.20685253480747345
0.5897522323186823
0.610785420675919
0.49617371218025996
0.969739142349912
0.823229562673333
0.7883649000749546
0.6099029997591969
0.9108996640555351
0.9654000207330458
0.9852415567337655
0.36199380475438825
0.46777697525286044
0.5659563209705701
0.01764907129814819
0.37136083442643153
0.5731711437339281
0.5439383409892039
0.10991873641740357
0.14185649837599013
0.5592993355895699
0.5982060071427526
0.09295961168808675
0.9614473632812774
0.770983443520666
0.26763815221424725
0.7721886447157996
0.4043692384710179
0.005536798235496354
0.5297432572008538
0.4461883815619362
0.24522077375102236
0.0757536076298988
0.3139022481772814
0.9087538376269683
0.2606582977200914
0.36943194816503655
0.4827916999533909
0.14087643304748332
0.2785778797263361
0.1759713125466159
0.11837175976691494
0.4161336135522211
0.14512968962442074
0.8023573949730741
0.39043700806377657
0.07334264686404313
0.8335671011819651
0.1656783803192522
0.1424163672172053
0.3360481511144543
0.08549748292830028
0.14554786390553753
0.9209855435692035
0.6941739198748041
0.5388588952208262
0.6862137233528351
0.25297788511917296
0.3126781350249882
0.24714961379063072
0.8320262902979303
0.034569332779678
0.1587489788186527
0.2757915311441842
0.7847803337431041
0.2664856945536749
0.8899361748804712
0.25107235717483245
0.5737796769140256
0.5912362889510491
0.04337293161667288
0.8492691685810714
0.36474187154136106
0.983191037488455
0.467496880591592
0.41012952589887863
0.720226315931119
0.03600217748872858
0.009749577787122599
0.18840404381333753
0.7897878339348529
0.3892125969308394
0.0882830301165417
0.2636742416290081
0.9680844344038184
0.0005202111033885126
0.6304113289887316
0.32693835231374746
0.9179787599362493
0.2759443918280181
0.4815038707408521
0.9300780929603162
0.3611512178214513
0.6685679940212038
0.32721671786273687
0.14905956546836896
0.6282031736647896
0.17711354503131904
0.6485532111087685
0.11176405656940647
0.7762192580309915
0.7610502209450408
0.5621289584168067
0.4964703489521649
0.7126776380315699
0.6509385881860499
0.512180469099599
0.19873575626412787
0.020205495527347517
0.5718005871354339
0.33648249963361576
0.3962075227232442
0.8989088522096539
0.367657171681977
0.8908542323083978
0.6568478530395487
0.5448588933211864
0.08227572977078013
0.7652832470368173
0.286972987481546
0.6510448705151926
0.622369477124062
0.36812893214292497
0.5351675718685844
0.9061670596382283
0.9552765155002099
0.8885314355016677
0.529519797859807
0.7890293982704402
0.6133130468491561
0.8473584072536942
0.24480474013842446
0.03546328473127236
0.30139962927783026
0.8747978549602631
0.24445021514230736
0.4471873229445319
0.2423286072971338
0.5359969571811939
0.6405573191094973
0.8539284129081296
0.4588435344467465
0.8042518941604031
0.856121945146996
0.06138649794128037
0.9401232666810491
0.18278984413713217
0.06776865652103681
0.45044968052705603
0.03013960435277696
0.855481009613559
0.9003055943404822
0.5326757650657942
0.013407068212796802
0.5766192378749229
0.7492168937407198
0.05425328812599994
0.6834321193695565
0.12419482694383277
0.1724286260826654
0.7445637736559666
0.2400627624772259
0.946774988855638
0.5422490040726264
0.2502606175298282
0.017501699623479472
0.552182369208551
0.8120631183411545
0.32093801805665545
0.1768931973849981
0.9922266793624026
0.2247383734749303
0.09247344030103521
0.5000506012963373
0.30549876246741603
0.00939100986087249
0.8260306564325454
0.8599704026431578
0.7741047313528154
0.3960046917435426
0.558806854344052
0.6511140020868504
0.1792664394436152
0.44364770751402904
0.15440538969211903
0.35266284144376603
0.1492109166520169
0.07666922409509547
0.9153503891362349
0.15418730342261255
0.7885640396442362
0.8646407580152509
0.5689156419232386
0.18868404480532408
0.1976605165616374
0.8381479208775112
0.7543156540588277
0.22620883893266253
0.608753715009965
0.19584951578419285
0.13171164375068467
0.06152307487440145
0.4633693066677511
0.04143202698043613
0.981802140178224
0.44896804853273853
0.6020758939614858
0.6558512750409919
0.43926558227094825
0.45621746294472787
0.36804416585793553
0.03776529186259614
0.3948435689178762
0.3610743056060316
0.3103062012444231
0.6706641871937549
0.9326594230865726
0.27065304145988234
0.8802181650458497
0.39369659422851444
0.43208918739265445
0.33610279885472116
0.8495549271872277
0.5011095227854674
0.7047631943642664
0.7122855570758753
0.6465101982523398
0.5683912083453311
0.9658883505140116
0.6957614038745562
0.27686123975703925
0.5209502530222015
0.7613769761519729
0.06703856552054877
0.3848545484852768
0.17584399965790187
0.052593083473116975
0.27561096689135156
0.8898007374378515
0.6042463641543964
0.47370220679143404
0.751847663366957
0.17293858216105962
0.9860479367330339
0.08777900787902182
0.24234711190941793
0.9059762083569374
0.2406786130408669
0.7152226833859731
0.09584649960661862
0.7107758767594505
0.02835291248657612
0.2827386322839952
0.6537453619964676
0.908760991617955
0.5617836944186322
0.07268861980369212
0.5349909808038172
0.5212307505811312
0.32582607693953947
0.42037508774133003
0.11220469612185535
0.07401803385535566
0.7388797202522066
0.12912799979844614
0.03422079245354959
0.970223376504283
0.7037162689849312
0.7573256862483223
0.3897185123387231
0.34642570222003743
0.30844564873810876
0.02387579252456906
0.3626132879900743
0.12126954794025757
0.818720266322007
0.12294698872461152
0.6437818692503021
0.44034067107453023
0.36983879271280107
0.16150610746755278
0.19884685858843376
0.058067562008809026
0.9573799142410593
0.35449903014494666
0.8275507973932805
0.7802474264494866
0.8092732952571149
0.23586812736163276
0.4187238511570517
0.9190219214961672
0.7066673498281077
0.8474259274161433
0.33409831567651127
0.7463302438184188
0.08037569353160245
0.7340589068125295
0.641437615450905
0.9248196682178458
0.19079189599859614
0.9620854777937681
0.48096629810290825
0.5684770106700519
0.7090538236072305
0.15867527554481964
0.19742102616313117
0.16977038758283358
0.9502035868036015
0.7498748768819298
0.4209875903474125
0.5487992046422397
0.2297380199826674
0.3408918568896281
0.535603686566946
0.5527395155656081
0.5219526003866659
0.2604901655926053
0.32021703650848954
0.2469784233923722
0.20863346335918664
0.5380767573863535
0.440458698033084
0.04557189331467959
0.3724198056997934
0.4778404035502295
0.8399308921711257
0.6286831279444172
0.8912697896890068
0.6679362848727847
0.007523808416933342
0.686090701806756
0.2754606482287778
0.41033985266594986
0.9398109603149034
0.7200675902097263
0.03920374458380371
0.2340920047837124
0.7493243183735446
0.2479354829660505
0.20311380295787862
0.26814692409144736
0.9847356032440575
0.2166855084241478
0.11555333121738509
0.36917376983142924
0.34065216462214676
0.5905844806939324
0.38941415730399376
0.658823688864548
0.7963777663361267
0.7623010761580137
0.24424617669618498
0.5549074419943447
0.6308387174689293
0.23296043624247698
0.8186683917338237
0.09570431549369651
0.2946449315942844
0.0942303445632603
0.05245783678063387
0.0365579371851924
0.2989417589463019
0.03295302833018421
0.4933299581322427
0.9692024639049893
0.8424880817943129
0.4972783607599258
0.40472539871624247
0.4394455003598029
0.8867121274530845
0.18817863786498645
0.6857223680011392
0.06254792319393876
0.6035598976451131
0.6036162534965043
0.2111328535121274
0.9261138430876429
0.6322865435110382
0.7781425207398398
0.9189187121112669
0.30259198827908584
0.22156127470979714
0.30532495036534024
0.03301416041009919
0.45173263697080046
0.8799579991394771
0.38295497354166785
0.8982946405821187
0.08662741673699159
0.9199161428589263
0.16807552879141952
0.5021068056010591
0.9420551949714235
0.6813954913328185
0.2032243271355576
0.06384245127702215
0.3668619057112077
0.9672335141184869
0.5831529794225905
0.7560317939940578
0.14675102288285302
0.49630074144283143
0.11939127375007674
0.17870350320490114
0.2824995642438468
0.14665126856581612
0.8819978942253204
0.9113255915150862
0.2440493316804222
0.391978502497349
0.08620331439190532
0.3088580267138128
0.8752714800052603
0.8690241465255487
0.40820163654070396
0.9581179465871883
0.7437748058445723
0.186372936628598
0.9753162494886106
0.4262374693023565
0.4342266225071125
0.402355980951834
0.6902534277280812
0.6212273661475655
0.8750629075634024
0.04739184349396264
0.35008665666967076
0.22802251243093674
0.7456029192970428
0.11614876563733922
0.22990994768512318
0.13682783231886542
0.45386287558527993
0.427641175345695
0.9012659975369359
0.8901456049386903
0.08058563259808649
0.7752309767893879
0.15606229268704264
0.48952970343119295
0.887952384724742
0.7298363142127342
0.41051496814683885
0.3760531357248811
0.6038711529576433
0.36159676227147897
0.2145203925724659
0.4200903764401477
0.2392073274942026
0.9238539398650256
0.4655308760567637
0.7493213294818915
0.5094206444471016
0.7010307535452934
0.18465937334768723
0.6553887885139159
0.3666265489509525
0.5180743472008174
0.41859779707896194
0.19365841614906576
0.47836198477175396
0.10540387446250621
0.674273892205468
0.04311099689329134
0.3191439242562205
0.5883461966025622
0.5833113372697063
0.010973865907028646
0.21468455353173677
0.5337268497169666
0.9765892614059878
0.7047436544271107
0.9617507039075518
0.87491331145325
0.7296824065499612
0.26233194862038967
0.17132016702526898
0.03771617077941547
0.7107648498106945
0.9134661895322796
0.8578309227915861
0.7163533109897785
0.49405689784888085
0.4640285599933922
0.3375851282165956
0.7003976489295586
0.762262032238927
0.6439856228415588
0.3817847991261093
0.07687270041370575
0.3720953623136042
0.84222941307048
0.4823711433890938
0.06288113095009051
0.36141698606240924
0.9245523696053083
0.9748406449979541
0.22751101935391616
0.8304860763970834
0.7165614023789649
0.31869520413521024
0.4969089670634991
0.5128664342981475
0.48671251671166904
0.877134899199611
0.34085873874298156
0.966312565077616
0.8845425495846893
0.8009230370726765
0.3759989110284542
0.6088576653376601
0.3410500552571959
0.8944734382526432
0.1580213186321543
0.3887620756406507
0.1718751111159157
0.8817914824141981
0.21847141714584128
0.8064245400693575
0.6688445399325799
0.8015763203870144
0.6084633554577609
0.3755159063116704
0.028014985341239806
0.3155719970707177
0.5423201852537757
0.27875858793659936
0.18346054269725032
0.7228822877943138
0.6716129664615668
0.5671466972562441
0.28402556977836846
0.251171818433901
0.3847499256640283
0.5434166426550437
0.1817927376700278
0.5556944546749204
0.4551021811844411
0.5053845904089033
0.6728630863075676
0.5391576436494013
0.9510235824682733
0.4021088692176179
0.0873426677586554
0.5105462301085504
0.9518090897352102
0.8217481209680415
0.3122609955621335
0.8395355289603939
0.6158730581826077
0.7083019088780982
0.4569018744633605
0.8218507201775767
0.263026474509262
0.06457675565667831
0.1090317398303342
0.6857237027886703
0.10549487081877573
0.8941932298431277
0.6339292217715319
0.5351445408702039
0.7447322663149729
0.5610116633380102
0.504521646441893
0.10414319309309916
0.060329651935999484
0.5349952756209677
0.1444475458332839
0.3266532818291177
0.9188332675560329
0.5968271194561892
0.0438226275545438
0.03374703555352754
0.30701989083077097
0.6665452735551746
0.4920727500922967
0.33900053497049454
0.07595926959611654
0.19193466883011112
0.634088981512015
0.5114983502282733
0.061344408030893915
0.7479558117965355
0.5315979638940755
0.36628692555018094
0.9423198935835092
0.06292630064073335
0.9764040762555924
0.52235823021891
0.4290959950125871
0.657072412436243
0.7694195433700212
0.6781485942422957
0.08140040748350819
0.5220652226544915
0.8994249800837807
0.42845861429902243
0.7860882552337483
0.3471229785762445
0.6719603216431613
0.17404034270239876
0.47434845744833365
0.4588928234297468
0.4391629542731623
0.7624508197453599
0.7617519031957923
0.8006426677819303
0.40272615812848345
0.9648850758962835
0.4905746168238496
0.1979654979952723
0.14085921611490737
0.6520605254010796
0.5298565954381732
0.11192522109445724
0.08418708944120867
0.6857895191636215
0.8848528653206653
0.30588081322971195
0.9071393198314637
0.8416648452150703
0.34108838575278266
0.23708304157712168
0.7627657045195796
0.9757549999693842
0.017641873380696782
0.6425252598313245
0.19889098936540284
0.040231502515317374
0.67851693491667
0.7895176877921686
0.3977706930329715
0.9102522455812782
0.1540721953784825
0.18716413569346324
0.715292851251269
0.7408324045075675
0.8841093436946097
0.3567878024235107
0.9772879936477744
0.4275405529840347
0.5580852751264961
0.13952206703949366
0.6007166513369799
0.7234586574327512
0.07694117737780859
0.15972110123165195
0.09529848562933518
0.28409135261779417
0.10947605907009805
0.3539939537222606
0.38584312956036215
0.41227459119179855
0.3835499958542321
0.7399253559284629
0.6000279788501075
0.578707076686902
0.10163061563712128
0.05658519659994954
0.042145450306282695
0.7292341382130133
0.7405255020764205
0.01909362562129746
0.46939520660746603
0.17689212357542616
0.3204432543687775
0.6046133881914644
0.2398712311015092
0.11921861832209324
0.11701028697791038
0.21397989943558038
0.1120461404415346
0.8354143595879603
0.13038695527576738
0.1419338796480999
0.6187501071452582
0.1523930962196457
0.5411750827640502
0.3223080554604242
0.07122334003823338
0.32810923442372153
0.7419286918950603
0.13600087712006348
0.9950858569809293
0.8828188822899006
0.7225325400349952
0.5653405236662845
0.23037964913162423
0.5304004529273423
0.38562995407747447
0.8486670510221463
0.9904065021387153
0.33676132085552646
0.1962741159690904
0.9511984332862174
0.6216511741928953
0.9134423966554627
0.12238872528306777
0.8246009190456465
0.9983480051676868
0.1300988174624801
0.12277108971232675
0.6120505283933835
0.817565150641717
0.043912216606772136
0.3768064296347091
0.9867191372730287
0.8851868748816267
0.8180618220265793
0.7571197283679497
0.8365972738198801
0.9225413589933011
0.11159014128407407
0.30427280875756246
0.8691233130532572
0.19462906838405658
0.7143260098317668
0.030630659346887135
0.8951979491981304
0.6143606714068224
0.7450834350781594
0.20234171378386645
0.24285372576649455
0.012623937370772609
0.3970715846121179
0.30819288090822583
0.5950262326627919
0.850372251118234
0.2452977118561268
0.6599540332052407
0.32663926209126803
0.19638454468208189
0.14507656412413394
0.32233829808723147
0.3666903660315314
0.38973365969250906
0.24450701903552874
0.7901207815039931
0.6133825856486238
0.7422420076192563
0.26242155458671457
0.2855661609790022
0.44672806983101776
0.9380855665105813
0.9895738250743237
0.505022088288738
0.10476646527359745
0.14975090866252738
0.13429457855902283
0.8206042120935141
0.37891799387271063
0.022472231418416477
0.5743809545049665
0.36543928941106063
0.34634208849797976
0.4661927914404308
0.7069764470025944
0.23688221759683392
0.9218829859223807
0.7098775838464928
0.49457776045453994
0.2735555380074637
0.07737815682181215
0.6587933893329193
0.9531191318136409
0.7614309582850752
0.30978802980887266
0.17104034509789123
0.47733332727156674
0.13251522739904853
0.827884343777076
0.9601189671392998
0.04430223999414151
0.7689203723081423
0.9604105549013486
0.7501492922481212
0.5952897370994462
0.8265435247380459
0.04909017890623624
0.11360973289866949
0.7101755845510653
0.5955462775929427
0.5201938556977141
0.045388799478690234
0.46556263949175736
0.7059284073412518
0.6687710055246358
0.4828417460945108
0.5745276749005785
0.06359452517204878
0.33991584160464305
0.42633925691706287
0.4859491832762949
0.8153282189321442
0.49989796086507976
0.09008856406925625
0.8636234935266219
0.014504273942917756
0.875139063984786
0.7378310922242303
0.010274097586226105
0.5751625653490463
0.2862943797505221
0.9100058487825244
0.1786385447529576
0.7939838735382478
0.08701902305631481
0.8281903827676408
0.043388978860543936
0.767019729491525
0.6250682023639089
0.33547869877862413
0.470689857196682
0.9491465206298644
0.905378210691912
0.3664001743810654
0.6813925878991502
0.8530747263742532
0.2787770342972089
0.9709987308007819
0.6442207954037129
0.09667484610005084
0.4972932967380649
0.9314442766501996
0.21109161476306548
0.4747482073234618
0.055406648471957864
0.11015625730051404
0.2809796329151304
0.8678250963137695
0.8803121505955487
0.11541361928307337
0.6913653414530067
0.2520030827387638
0.6479087135692698
0.520888351774445
0.6823755518063385
0.6796491703650875
0.2252296324991424
0.49778256853383207
0.40952287340687843
0.998850955834164
0.42940912112286866
0.09644079798951344
0.189485812104508
0.49536033299298543
0.4039321213016026
0.9711306070401308
0.12001865329121808
0.4447377771947111
0.053027111296714446
0.23092464134066304
0.9528901191185384
0.8437967689255204
0.8114967399852286
0.5107281754373559
0.7977689812859614
0.7621878826657618
0.5729859330627178
0.9879947130850208
0.9287512268176805
0.4749763673344225
0.9966369087348004
0.24900373604405113
0.9417483666360357
0.49723211584425864
0.09465882549350824
0.24316331419146697
0.3910109543822451
0.6770032647481454
0.6303711830463973
0.18884317989708954
0.5456367507555856
0.05700883881233565
0.39776115661940536
0.925158868393236
0.9730771790043902
0.5794300392452213
0.6494977616996056
0.685650616286985
0.43658203631137693
0.8018212407755477
