32 32
-34.08 93.83 -31.79 -96.26 -40.28 14.45 28.59 91.36 91.64 -32.24 40.31 -32.12 -51.67 86.08 -72.30 13.55 59.06 83.77 37.02 60.07 -78.10 68.46 -22.32 -24.08 26.83 -79.15 54.76 -95.17 -89.07 -32.85 -49.38 68.64 
-58.29 -44.79 28.89 -17.91 31.34 20.67 -76.40 -65.91 -99.42 53.89 25.30 -18.86 16.84 37.17 67.60 53.51 -5.06 -88.58 2.68 7.79 58.16 44.02 39.75 -88.60 -22.07 -97.40 99.63 98.94 28.92 59.88 -8.57 -99.13 
64.74 -47.43 18.75 -71.20 67.68 31.00 33.06 78.75 -30.17 -76.64 -88.10 81.70 45.61 -70.30 -46.90 -57.24 -75.13 -93.08 0.49 17.56 96.06 -69.26 -74.45 89.37 -2.04 20.78 -68.55 5.60 85.15 58.82 -8.80 52.59 
27.62 18.96 -11.05 88.63 -59.04 -67.47 88.97 4.27 83.85 -3.32 69.14 -41.30 -56.91 -52.85 22.52 64.14 100.77 34.24 -29.46 -26.83 -93.23 4.43 45.06 -52.43 -73.94 -32.65 -60.64 73.92 25.14 87.42 -94.70 -68.87 
78.32 33.87 -44.95 -2.92 -15.67 67.60 8.34 -87.13 -76.57 47.87 54.31 38.33 95.15 91.05 95.64 -27.63 54.32 -13.54 -45.89 -40.67 4.00 4.69 -4.03 -81.84 -14.02 42.55 -82.97 -99.45 41.83 46.13 -53.70 -15.48 
12.13 -24.28 4.93 12.36 -86.33 25.98 -88.57 -60.53 52.03 71.84 -5.68 99.79 86.81 86.87 -25.38 -6.26 -19.95 65.16 -4.03 -36.44 -20.54 -11.52 -88.44 -91.42 -0.63 -45.65 -74.51 -40.85 -34.40 -39.15 14.69 89.42 
83.98 -28.67 -72.50 13.50 -43.45 -21.12 -0.09 1.98 -88.13 -9.31 52.31 -9.39 87.65 -98.80 44.97 -20.21 -57.68 -60.04 -75.22 -50.08 -59.99 -35.20 6.41 -52.01 58.49 54.09 68.32 37.06 -94.97 10.50 96.25 -71.12 
-42.31 6.66 -55.44 63.84 96.35 -39.39 13.81 40.75 -83.81 -1.61 -70.82 30.26 -47.85 -3.60 50.55 4.47 49.87 -35.41 76.85 61.48 -67.53 -74.21 3.04 -81.26 65.57 -24.80 -50.27 -41.59 83.33 82.47 -80.71 -85.38 
-54.82 -80.33 43.66 -68.31 -49.67 -48.77 85.59 -20.20 47.25 78.93 -9.71 18.71 -2.14 23.47 -96.33 -76.20 78.86 66.05 -58.99 80.60 60.74 -67.51 95.58 -46.87 -42.29 79.82 -43.40 -82.28 75.68 -34.82 56.52 25.22 
-18.19 -4.78 61.05 87.23 -63.91 -47.16 3.85 -15.23 7.66 -89.27 -92.98 -40.65 52.09 -74.39 -1.61 -82.86 65.56 56.97 27.50 52.02 23.61 -70.85 -82.94 -39.73 58.14 79.69 -9.02 -35.16 43.02 -58.74 -1.72 73.52 
92.23 73.98 -6.98 47.68 19.76 86.97 51.82 -52.77 -62.02 -8.39 51.30 9.47 48.09 -89.68 -59.68 27.25 -49.51 6.36 12.83 -40.50 68.23 -86.35 -71.94 56.73 74.58 6.21 -39.19 69.68 21.40 15.82 82.49 -41.80 
92.12 -40.27 61.00 55.60 -39.94 18.88 78.93 58.26 -21.84 -60.86 -57.85 94.36 -5.70 -32.71 -47.02 -83.05 -16.07 -26.69 -39.07 35.70 76.60 32.20 -17.86 18.71 -31.56 -35.17 21.51 -59.19 -55.14 47.01 32.10 -39.10 
-95.02 22.45 -52.81 37.06 7.21 -44.21 36.91 88.16 -44.65 -85.21 20.61 50.54 47.83 -33.47 94.56 -51.62 52.99 28.31 8.36 66.10 -92.41 -55.56 -56.88 -14.01 97.24 79.08 46.21 -42.02 -44.39 73.82 23.16 4.91 
89.06 91.88 -78.07 -9.43 78.03 5.19 -61.97 92.62 -20.19 77.65 -64.91 -83.83 -4.04 11.42 42.88 46.56 95.75 -23.84 -46.53 -5.10 -36.70 81.26 -64.80 1.95 41.26 -38.34 9.13 58.46 73.72 76.33 42.67 97.20 
-2.72 -13.22 -30.74 -95.62 23.93 -90.06 -78.12 -53.77 31.40 96.93 -88.00 -84.56 66.05 -76.44 33.96 -4.43 -13.55 -77.11 19.74 66.28 -84.77 -54.17 -26.84 -6.69 38.08 27.36 -3.80 89.86 15.26 9.88 62.91 85.78 
-2.73 -87.06 3.34 19.81 -5.00 -38.62 100.78 81.61 -35.86 13.04 -7.78 84.40 25.91 81.54 -29.56 -43.45 -87.92 -82.48 47.65 -64.82 69.45 43.20 23.70 2.89 66.49 19.59 -11.88 -22.66 52.26 4.76 -16.19 -73.91 
61.66 53.47 54.04 -57.82 59.92 -56.97 -33.74 80.14 -72.84 90.70 -3.45 91.80 -83.75 -27.88 -22.27 59.62 18.24 -91.18 -86.02 -67.80 -76.41 -68.55 -23.63 -45.52 -81.12 24.15 -68.28 17.25 68.28 -35.86 -8.11 49.63 
-70.83 55.18 70.60 -65.79 83.67 -38.80 -22.68 -4.65 -34.27 49.96 92.65 -82.41 62.50 43.34 90.13 11.63 72.77 77.72 -28.20 17.11 66.51 -0.55 51.94 -0.00 45.16 -88.09 70.73 -67.40 -88.22 95.34 81.90 5.01 
-97.94 -99.81 15.12 71.96 94.66 -8.00 93.40 -60.96 -86.04 99.07 24.62 68.62 90.47 -57.56 28.98 9.20 100.80 -80.26 -0.71 31.86 55.62 -77.52 -35.34 38.65 -58.30 -73.26 15.47 -42.05 0.27 85.04 -76.38 -20.82 
19.57 -85.21 -63.98 52.34 -74.02 87.90 -44.72 -73.37 49.97 36.63 -2.11 -94.38 13.09 -26.96 31.32 -99.61 -32.44 75.50 -14.17 -12.05 -18.05 -87.61 66.25 53.00 -43.44 6.79 54.50 14.02 -95.74 64.30 14.74 0.47 
-52.23 0.53 94.40 -18.47 -92.80 -27.08 -43.22 -12.45 19.30 -93.00 59.62 54.13 -5.83 -31.37 25.97 -43.97 -87.13 -68.37 77.24 -50.71 -15.32 98.22 -46.37 8.44 10.49 11.69 -71.19 -30.73 -2.08 88.50 -24.94 -89.98 
10.12 -26.78 -12.09 33.73 96.98 21.96 67.88 87.85 -15.80 -22.37 -26.71 -87.95 45.41 -28.64 64.94 97.74 62.06 -99.95 -40.82 -19.68 -19.72 90.04 50.24 74.29 -44.74 49.46 -82.17 86.96 -44.95 50.36 -16.15 16.14 
36.64 -93.97 -68.69 18.34 69.57 -56.50 -43.70 -90.34 33.59 27.32 -50.07 -3.00 -77.14 93.75 14.22 -73.40 58.03 17.01 77.26 26.68 87.47 16.25 58.15 -35.06 -26.81 36.99 100.74 -69.35 51.69 27.89 81.85 -58.49 
79.49 84.98 29.08 -39.94 -42.40 51.76 49.00 -91.94 -20.44 -42.07 25.46 -3.91 81.57 15.17 -31.20 41.35 80.75 67.24 37.26 -68.45 25.12 -21.98 -61.64 -10.44 -88.78 59.34 25.86 79.03 -56.94 2.41 75.36 5.98 
-49.27 -54.41 -75.63 -65.69 12.34 -82.47 -22.05 -32.47 74.11 97.11 -98.71 -65.10 71.83 -43.03 -87.32 36.21 47.83 -65.01 -27.60 60.50 -55.72 21.86 -9.87 -58.96 53.47 27.62 -15.46 -77.90 86.55 -28.71 -13.76 -86.75 
-16.47 75.90 -25.48 11.20 -25.97 -29.71 66.68 -76.48 33.87 -90.09 -88.96 97.12 -18.56 43.48 36.57 -93.67 82.03 44.92 93.65 -95.44 14.09 86.97 85.51 76.58 -2.47 83.22 56.15 -32.82 14.04 23.91 76.65 24.00 
-10.76 -76.30 -88.69 18.66 -18.52 6.27 73.56 -96.02 68.69 25.09 -14.93 -73.83 57.60 88.19 -45.39 49.50 48.32 -31.54 49.29 -83.39 -32.34 -62.72 55.41 -69.71 60.29 -95.04 73.56 -90.64 -6.97 -37.89 -48.10 -54.12 
88.55 88.32 -71.14 88.76 63.41 -77.90 -35.93 -22.96 -36.03 -8.72 -7.76 41.01 -48.50 -84.83 86.86 76.56 -31.06 -63.56 60.35 -82.07 -21.20 78.66 62.17 40.73 66.94 -58.62 -46.83 -38.75 96.08 61.53 33.79 56.34 
31.75 44.16 66.39 -18.08 71.04 91.89 -90.80 87.80 74.13 23.47 76.80 21.31 11.96 -65.29 -43.76 49.67 41.21 91.80 -38.60 -46.97 14.57 -17.76 -71.71 -10.90 -92.22 -25.99 5.53 -33.47 18.10 53.05 -77.33 16.19 
23.37 -21.31 74.06 98.12 24.61 44.83 -46.53 -73.17 -58.78 -7.28 -13.50 60.61 91.93 -21.98 -44.35 81.18 51.08 78.86 -35.04 -37.84 -84.88 50.49 -25.91 -84.58 -69.61 26.94 -24.01 -48.58 -13.29 -86.13 -98.73 -44.12 
100.77 -32.18 91.88 45.83 19.18 43.42 10.48 72.13 7.58 -98.60 18.18 -44.41 45.37 -49.75 -12.31 -61.67 -47.11 -88.33 4.10 -11.41 -1.79 -62.96 -50.59 10.83 -39.86 -48.20 -88.21 -51.02 -31.16 89.73 -60.77 85.97 
-80.92 100.34 -82.80 39.09 84.64 8.19 96.33 16.74 -82.59 7.46 19.33 95.29 -98.47 39.28 -25.68 24.27 -48.56 -72.20 -16.70 90.44 80.93 53.76 87.95 -58.72 -4.15 83.23 -71.85 -16.09 28.14 53.07 -92.95 -52.15 
