64 64
3.01 -65.70 -31.74 96.51 -82.30 73.97 4.28 -87.19 -84.94 87.94 -2.30 15.51 -6.31 -38.45 -1.23 -80.23 44.67 -70.39 46.11 98.19 93.91 -10.40 15.47 78.74 -78.25 22.58 67.37 59.38 2.24 86.00 -30.32 75.58 49.35 -18.30 -99.92 -95.57 99.37 45.29 -63.70 -48.47 -20.46 47.53 3.79 87.45 -90.12 33.74 -29.69 35.63 -0.98 1.67 -6.14 78.78 100.49 -51.96 23.58 -35.30 -79.17 18.32 93.66 -42.27 -19.37 98.08 -90.09 -10.50 
10.54 -17.04 20.35 -15.69 95.84 -2.33 19.00 0.89 -5.80 -84.39 -85.21 37.52 -46.84 88.29 -50.86 -69.04 12.62 59.97 24.97 61.36 59.71 42.67 -80.57 -35.00 -28.21 0.41 -87.36 -67.68 98.76 -11.71 10.70 -76.43 -78.63 92.08 88.17 -45.80 -76.71 40.78 60.36 82.71 16.77 60.12 2.32 -95.72 -28.52 -15.71 -53.94 100.27 -1.53 2.97 85.26 -25.16 26.20 88.95 21.90 56.80 -17.13 -20.01 -43.07 82.47 79.51 35.21 -92.47 -86.29 
68.42 -68.95 36.42 -35.23 69.15 -22.87 -61.58 33.18 -55.32 -54.20 51.99 -73.38 -33.52 71.47 56.40 -86.73 -29.01 74.94 56.06 11.99 55.72 98.96 -72.33 76.25 17.67 -57.20 52.91 -31.91 59.54 -18.48 -85.86 -50.74 -19.99 -9.09 15.19 -46.22 -35.20 -43.33 -22.07 58.68 57.89 38.61 -32.14 37.14 -87.24 79.28 -95.91 -42.17 75.76 1.86 -33.13 -40.76 -65.55 87.51 -13.33 -40.54 21.54 -77.16 -4.10 -14.61 70.79 88.19 -38.47 -45.45 
-85.85 -51.22 -23.39 11.91 14.02 9.12 35.31 85.87 26.09 96.94 -41.26 65.46 68.72 -86.07 -53.58 -39.39 94.20 21.08 5.88 34.57 -64.35 -86.63 0.22 76.26 -8.26 58.15 -22.45 -93.37 76.82 -51.39 0.90 -86.59 -62.76 1.07 -54.49 80.62 89.66 -46.33 95.13 10.23 -93.21 84.96 89.64 77.18 -29.73 73.59 66.63 -30.38 40.81 76.09 -88.83 -30.68 -55.18 90.71 90.97 34.47 93.21 -32.13 64.97 -62.81 84.90 -80.89 -40.15 41.59 
83.93 57.31 11.00 -90.59 -85.80 -70.35 -88.38 46.64 74.56 98.97 59.44 -53.54 80.74 51.06 -82.09 -36.17 46.85 -38.27 7.96 -3.41 39.12 23.84 66.90 20.40 -70.98 46.93 -10.45 -85.60 3.31 72.08 51.76 -57.65 -31.77 21.24 36.43 -90.96 -65.66 -96.14 -97.11 74.10 -71.09 75.44 25.51 12.94 -80.76 -8.12 -78.47 8.19 -46.21 46.00 75.93 98.48 25.86 -39.28 86.44 2.98 6.42 -32.90 59.04 -39.34 -12.71 72.89 74.54 78.75 
-87.71 -61.21 -24.06 74.82 82.77 -36.47 -19.89 -78.34 74.44 75.90 -32.85 -5.14 -36.07 -89.73 21.06 11.62 72.64 50.52 -78.24 11.56 26.20 46.65 -93.52 -56.87 -58.47 14.84 64.45 -8.15 -65.40 -78.59 34.49 -1.65 75.88 -0.63 6.97 17.00 78.25 47.51 17.16 92.10 5.72 -57.70 56.94 93.82 -27.43 87.80 56.60 8.93 44.69 88.60 -85.89 -57.44 85.81 45.32 71.47 -79.27 22.50 28.12 87.18 -61.73 -5.94 -38.35 96.93 -66.77 
60.62 46.97 88.24 69.59 16.06 91.67 79.71 -20.57 54.87 -38.21 -57.48 -20.32 -48.70 54.93 -4.85 -74.13 -86.78 89.40 57.72 59.73 -20.38 -38.23 95.97 13.37 -10.39 43.40 -53.13 51.25 89.38 -66.96 -60.85 -34.56 22.86 21.74 51.78 92.00 67.05 -10.83 -7.50 -62.40 -45.00 15.59 -76.64 -3.81 -42.76 -28.42 44.82 -91.57 27.64 66.36 95.88 35.26 30.33 -73.06 -75.75 -2.37 42.65 27.93 39.29 56.12 -74.61 33.74 -99.74 -13.64 
47.26 99.98 50.47 60.96 -64.92 55.61 -30.66 -11.38 84.29 -14.74 77.22 -92.11 -47.25 89.27 15.17 -93.67 -82.58 -26.99 90.76 29.49 45.12 24.04 50.67 75.74 -30.04 27.22 17.54 56.69 -64.56 -47.43 -56.83 42.19 -56.34 -29.70 22.21 -12.20 65.23 -23.76 95.12 -80.68 29.32 30.53 -53.94 -41.25 -93.36 -35.11 -56.67 17.18 54.52 -1.35 -63.35 60.52 78.60 -51.12 65.86 54.11 -72.88 19.91 56.87 -26.56 -16.13 -61.12 41.30 79.28 
-30.23 -15.36 -1.93 -61.12 79.81 58.54 2.03 -58.68 83.16 -98.56 65.75 99.43 68.14 -80.21 -17.03 25.53 -53.48 49.43 -91.38 -29.62 73.55 62.72 -44.03 -83.77 -49.89 10.81 26.23 -23.59 44.07 21.88 34.49 -82.09 84.20 -66.05 -96.99 -4.06 -15.43 3.72 22.24 85.08 -83.94 -31.06 100.07 22.11 -52.95 -16.03 69.31 18.73 63.79 23.41 31.94 -75.43 -30.69 -8.17 -15.94 71.55 31.54 -37.17 2.28 66.85 -57.97 77.38 -21.35 28.16 
40.34 87.12 95.97 -99.69 -15.47 50.23 48.46 -17.76 -55.69 -3.92 45.13 -51.64 47.20 -76.21 -56.40 11.88 -54.72 76.74 -72.72 -74.55 27.59 -73.43 63.77 -54.29 -40.83 -18.26 -49.34 -0.85 80.41 -75.17 -40.73 30.43 68.13 -82.73 -4.07 -28.80 -82.90 -32.43 21.59 16.40 -56.48 22.21 -11.70 22.78 3.39 -24.50 -79.87 6.44 -25.23 -81.07 -39.75 20.12 -55.43 -38.57 -39.77 -53.32 -0.38 -24.73 13.98 -98.76 -59.35 48.81 -77.20 27.09 
45.35 50.33 65.25 -65.18 12.32 53.91 55.76 5.96 -32.52 51.96 62.74 -94.63 52.55 -82.55 -95.78 19.68 19.21 14.48 -9.48 -95.29 41.29 -1.32 -70.93 -61.08 84.25 82.09 -56.85 21.59 0.17 -83.84 96.30 -81.16 -18.57 36.23 59.20 40.90 37.60 54.41 83.04 18.29 99.83 -9.05 19.88 6.67 -99.62 69.38 14.32 -68.52 0.13 -24.01 93.59 59.32 -25.10 27.13 -91.70 -23.97 90.17 39.69 56.46 22.71 -1.06 -84.28 61.09 65.89 
30.11 79.20 -17.14 -6.30 49.07 49.66 -39.50 41.82 -83.32 65.96 -62.70 -88.37 -31.80 37.62 -48.49 56.35 -12.32 83.97 69.60 83.13 -62.56 53.25 -41.14 27.62 -27.30 -19.89 -90.98 -99.06 -66.37 -10.19 81.72 76.83 -3.11 -6.08 -83.99 76.14 -45.15 100.51 -50.84 48.18 -88.97 -41.86 -71.98 26.19 -56.21 -0.46 29.87 -36.92 -3.11 79.55 -33.02 -82.79 28.33 -2.56 -1.51 -19.47 -3.62 94.17 42.72 -25.85 -63.42 46.22 -69.80 2.91 
99.26 49.80 -77.60 -78.81 54.35 -58.03 88.61 72.82 -42.42 -79.16 78.95 -2.19 -18.19 -32.09 57.72 -31.25 70.20 -58.97 -67.31 -63.57 95.69 -70.86 41.89 -13.70 -69.33 50.48 69.52 -31.04 -11.51 -20.39 98.93 7.16 -89.46 -47.60 -80.25 -89.78 30.83 -23.81 24.14 91.62 -46.97 -51.84 94.43 -12.30 -78.73 99.91 -31.82 36.51 -47.54 11.62 -50.49 79.60 -76.39 33.41 75.19 16.45 -78.71 32.89 79.38 -70.66 31.65 -87.55 97.07 100.06 
-78.86 -45.68 31.67 -88.14 42.17 -22.65 87.03 -19.29 -74.76 -31.93 -0.75 65.49 91.38 2.62 -87.07 -74.40 91.71 -74.30 27.63 35.61 -62.37 59.20 -46.48 89.92 41.57 -96.36 36.73 32.97 99.47 33.89 16.85 81.42 17.10 23.45 35.34 27.30 -78.62 -94.04 -70.95 24.22 -82.45 -26.32 7.17 -64.26 -7.73 -91.25 -27.69 29.84 22.64 31.14 2.00 -12.97 6.96 10.63 -77.29 -13.42 78.22 -81.66 54.16 53.86 60.99 -31.50 95.12 22.43 
96.13 15.53 -17.14 -64.96 1.45 -72.74 86.01 -22.59 69.10 -62.77 8.87 35.94 48.29 37.17 25.25 59.71 39.94 -24.73 53.17 -3.99 -41.12 50.94 -67.68 76.65 -63.67 54.75 13.94 84.18 -81.70 97.01 -57.03 69.19 -6.43 98.55 -71.70 -37.03 79.47 -16.07 65.00 41.33 29.14 36.08 -57.86 67.27 12.07 87.11 -64.51 21.33 -59.99 79.67 78.14 55.44 -44.31 -71.95 14.20 -63.29 32.62 -20.80 60.50 49.22 38.90 -90.63 19.93 -19.83 
77.05 28.08 -82.01 72.87 -87.18 64.64 -99.55 37.76 3.40 -66.26 -92.64 -64.58 -87.47 90.93 25.30 -36.46 34.98 -41.41 -4.44 -34.17 -49.14 91.79 -35.37 47.65 90.91 -4.86 -67.88 69.10 55.90 -19.13 74.97 38.02 -62.13 1.38 -62.37 88.20 -13.08 -30.45 -83.91 -24.69 -25.58 31.12 70.12 -46.49 -21.51 64.38 -59.23 -60.07 57.05 0.94 -1.71 -67.04 -6.62 5.89 85.58 98.48 5.85 88.17 31.20 81.62 -0.88 90.29 -48.80 -42.80 
-50.88 3.28 -58.56 -59.04 -22.66 -33.22 -27.60 -6.98 62.68 -15.08 -98.81 98.54 -54.51 61.85 15.22 -42.45 -33.31 51.23 -64.22 -12.18 -89.07 32.45 -2.03 -68.48 7.78 -94.33 81.02 -26.18 -70.62 -91.60 65.14 -16.22 65.32 -0.28 -38.69 32.98 -32.20 -80.06 -21.54 35.04 2.89 -37.89 31.17 -42.34 -5.08 36.15 7.99 -87.15 -20.21 21.76 -5.82 -75.16 93.34 -59.64 83.26 -98.18 -17.34 66.65 -94.25 -7.77 36.53 -38.37 -2.18 -23.25 
78.69 -32.18 65.00 95.86 -46.98 -94.09 -18.93 -83.18 50.78 45.80 -55.35 5.61 9.55 14.52 -56.57 -95.55 5.96 -7.06 38.98 22.65 -93.85 -19.84 47.38 45.34 -23.73 76.63 -69.14 -60.28 71.16 60.82 49.90 -81.86 -69.88 -45.53 53.78 -43.47 29.27 15.91 73.21 76.27 -23.25 43.64 64.56 82.01 -95.90 73.20 46.92 99.45 -63.06 -67.49 -27.45 50.89 75.39 58.20 74.71 100.09 97.91 33.34 -61.31 -78.11 8.90 -47.61 -86.53 77.67 
-75.67 -0.72 -40.95 76.45 54.03 -54.01 24.82 73.29 -82.06 7.31 56.13 56.68 64.15 -76.66 -53.95 85.59 -79.03 -20.56 19.90 88.35 25.73 68.51 67.55 14.57 61.99 7.93 -97.36 90.26 47.11 -9.12 1.99 -27.45 24.93 -4.82 -73.65 -63.97 42.63 23.88 -39.20 97.52 90.73 -76.08 -67.07 -61.09 -95.47 -84.78 -23.52 -10.43 -40.14 12.03 -95.28 -24.75 -77.96 -29.06 -38.20 41.58 27.71 -25.85 -61.92 25.29 46.93 91.42 69.38 53.23 
-50.75 -45.57 0.56 -18.35 -54.23 -47.87 38.09 -65.53 -78.84 -96.49 66.50 89.53 17.00 20.08 -73.49 -48.66 34.21 -78.86 1.40 97.49 -70.33 75.54 80.30 4.63 -14.39 -24.47 -19.00 -37.96 83.42 6.12 -76.11 71.82 -6.67 10.70 25.81 82.26 46.61 -16.63 33.88 -9.84 -94.23 30.90 -56.91 20.23 98.48 12.46 -85.15 -25.92 -71.57 -55.39 57.53 76.41 -18.98 -30.89 -93.72 18.88 -17.45 33.42 -74.36 46.25 65.27 20.92 100.26 -14.01 
5.59 -9.32 -26.84 74.00 4.33 84.54 42.38 -56.19 100.21 61.54 -92.96 96.54 -21.22 57.36 11.63 89.60 -59.09 -94.20 72.81 -7.97 -49.42 67.56 43.36 43.53 -90.61 23.40 -91.70 -84.45 5.32 -81.79 82.58 -42.53 -23.44 -83.89 8.13 -66.79 81.51 -12.76 93.70 49.75 -53.51 59.67 -27.32 -23.98 28.89 -53.39 84.27 78.75 -0.40 -32.89 60.93 -95.95 73.98 11.75 -40.11 -57.36 100.47 44.92 -56.16 -42.30 98.78 67.25 5.34 23.51 
-55.61 19.97 93.82 28.02 -43.57 -19.44 23.40 -35.37 -36.02 43.86 -28.67 -15.44 12.38 61.64 12.77 93.32 -23.79 -25.14 96.47 38.04 90.57 -78.54 87.77 -92.11 42.28 55.67 -94.19 -43.62 90.83 2.95 42.50 -89.43 7.08 -69.29 15.40 73.42 93.30 92.00 31.42 -30.75 97.55 60.68 69.37 54.71 -40.59 -78.11 -79.91 -9.62 65.88 66.23 97.73 63.43 -16.70 33.38 -83.76 -26.99 -51.64 0.21 -15.04 -18.57 -80.16 -39.09 -82.76 80.10 
-66.33 14.67 71.46 27.68 -66.31 63.76 -33.45 78.68 53.73 58.02 13.08 -90.01 -97.50 -66.49 -50.15 -35.30 -33.45 38.66 0.07 -77.88 -98.21 -83.92 15.26 92.18 22.03 75.86 26.45 -27.13 65.23 3.07 -39.64 65.36 63.86 -11.01 -24.84 51.55 -8.32 -99.48 22.56 -80.44 19.60 -37.93 96.77 54.69 -45.87 64.57 1.29 -78.89 -37.88 -48.84 -55.60 96.34 7.33 -60.18 -99.69 -61.64 -15.52 57.66 -0.36 -99.86 -54.37 -33.66 27.24 -2.86 
-34.13 58.08 36.73 48.67 -86.90 51.88 -9.32 17.39 -4.73 85.41 -0.92 41.16 -94.59 -39.03 9.45 62.46 -72.06 -92.31 45.59 1.41 24.48 -11.39 56.97 25.51 83.79 -51.10 -90.57 100.06 11.75 68.10 18.11 -29.75 64.32 85.07 -12.21 -94.16 66.72 20.24 61.34 -20.36 77.45 72.58 87.66 -55.44 77.27 -8.64 -23.05 -63.71 -1.71 38.47 1.64 -20.95 33.45 49.92 -67.27 59.71 36.10 -54.34 62.92 55.28 -73.49 46.56 56.71 -54.69 
-3.37 39.89 28.90 -5.60 -21.04 13.16 11.28 -51.52 80.09 -58.16 -9.00 -64.64 -71.50 -61.34 -69.02 -46.99 10.86 58.72 -42.13 -80.52 47.77 -22.76 98.01 31.76 38.64 95.66 28.14 -78.19 -17.79 -54.68 -59.68 65.59 47.89 26.21 -27.96 24.17 74.12 -73.10 -22.80 63.86 -22.66 -8.39 19.59 -5.64 5.21 -72.21 1.11 -90.83 -15.12 -51.32 -5.51 97.55 55.69 48.83 79.94 19.58 -83.20 55.42 -86.57 94.91 46.04 -18.27 25.47 20.65 
37.23 -28.27 14.24 -62.55 24.79 -64.29 -78.64 -96.68 -24.96 74.99 72.14 -40.15 -27.57 17.64 -25.28 84.04 -99.54 81.43 33.79 -5.99 97.49 -5.87 3.84 -71.88 -51.65 83.70 37.28 6.79 -63.74 -83.01 -57.24 21.12 70.28 -2.18 -95.11 16.74 76.46 -96.56 -31.64 -52.94 -76.76 -92.90 8.55 25.92 -26.14 -78.50 -91.16 -42.28 97.21 -53.40 80.52 2.24 8.03 -75.55 31.54 -63.24 -23.38 30.60 -81.97 50.93 -5.96 -35.54 -26.42 27.31 
-68.94 55.19 -91.05 -3.03 -30.18 -56.10 -27.35 -57.98 66.46 86.97 -71.60 -5.27 -91.07 26.15 31.26 -52.61 19.68 -84.02 70.51 -57.38 -91.60 72.70 51.24 40.73 55.06 -62.42 94.30 -33.12 24.70 -55.15 -95.42 95.30 -50.68 -47.93 13.11 -58.93 99.66 24.48 -58.37 -57.33 -84.97 42.71 -38.88 52.66 -39.29 -51.86 -8.72 -54.41 94.08 55.25 57.50 -85.00 -83.12 -89.01 -14.68 77.99 -9.17 -4.85 80.81 29.94 -61.38 71.22 -29.10 13.78 
57.01 84.11 65.99 37.05 -26.42 46.56 93.99 -74.80 31.73 -98.06 -47.32 91.72 56.98 -24.78 68.70 -97.35 -84.63 55.76 -18.87 42.90 -4.55 93.88 5.08 80.16 -28.64 -62.87 89.16 -25.45 -92.09 -84.74 60.71 -7.88 -20.88 -49.90 45.58 -4.65 90.50 -87.75 6.88 41.45 21.52 -6.77 -91.53 29.94 77.78 5.28 -76.12 -95.51 -10.71 -78.91 -90.79 74.42 -37.91 98.20 19.48 -28.75 71.84 -83.30 62.28 -12.26 -47.97 -14.89 -94.31 55.63 
74.80 -28.88 36.25 69.94 87.19 98.33 8.82 86.10 73.52 -33.18 -67.32 15.30 -79.93 19.43 -49.74 -24.78 -17.22 51.52 28.97 -38.27 10.10 100.52 20.37 -91.06 91.70 91.09 65.78 -72.09 -25.36 14.51 23.28 -20.89 -29.79 -81.33 24.66 -82.54 18.55 -53.12 -35.68 88.48 -93.77 -40.31 83.66 51.40 51.51 -90.30 -61.55 -1.79 -90.96 -75.89 89.90 49.79 -97.06 19.66 64.99 60.09 14.74 5.71 91.69 -37.95 3.32 -84.77 34.62 -19.17 
69.46 44.74 90.34 78.34 69.86 -86.87 -70.50 -30.78 -30.97 16.64 -30.75 -36.36 26.86 44.33 -67.90 -81.89 81.63 -56.20 19.43 -8.68 85.32 -60.78 73.98 -16.35 4.70 59.44 70.80 -2.30 2.45 -74.04 -78.72 77.05 -71.86 37.48 -81.07 -15.80 33.41 -14.83 -82.99 58.09 -32.40 60.27 -81.42 88.56 -11.41 31.63 12.88 47.95 -49.19 -11.75 87.13 93.18 -63.36 -46.73 -68.16 99.83 79.48 -95.73 -7.75 97.96 -74.60 10.11 73.87 -89.61 
73.77 63.56 -15.92 18.39 -21.64 40.40 80.11 16.29 -51.84 -3.86 -21.43 73.70 -90.92 -47.57 52.87 3.98 -98.63 -58.17 -45.48 34.76 97.46 -94.72 9.31 19.54 -92.53 -7.76 42.90 77.77 14.54 -58.40 19.63 14.01 22.52 18.42 93.86 71.41 -20.81 61.30 -15.14 -28.66 13.62 -31.49 20.03 35.57 -36.31 -16.87 -43.48 -31.47 22.84 36.65 -18.05 -78.18 67.52 54.17 86.66 -7.41 5.77 -89.96 -10.69 21.82 -61.43 78.40 -57.52 -91.99 
-57.39 23.10 35.49 -84.96 -8.18 -61.55 84.72 25.12 13.29 -6.13 9.21 -9.06 -45.61 -16.20 40.26 -36.56 -39.27 7.60 27.76 -69.65 2.01 -19.43 16.04 -48.34 -53.35 -70.40 14.01 -33.76 10.88 31.01 -97.22 37.00 59.63 19.74 -3.43 -76.82 29.34 -34.36 17.62 58.89 -61.10 -41.39 -6.20 -20.58 19.34 -47.53 -21.09 8.09 56.54 60.95 -70.52 6.80 86.48 58.15 92.94 -53.74 -45.93 -67.02 43.50 3.31 -45.85 61.04 30.07 -43.05 
-33.49 96.33 -17.09 18.39 -94.92 95.05 -26.76 -85.21 24.78 -21.59 -63.50 1.64 97.11 -61.25 -35.72 -36.79 -93.70 35.29 -8.14 -1.67 -25.86 -3.00 -86.44 -41.25 -33.39 52.87 49.18 -24.40 30.10 64.16 -76.07 5.19 -42.04 -30.05 80.08 4.91 -4.90 91.39 -87.29 -54.56 -23.80 75.44 48.87 -85.69 -28.96 -71.28 21.42 -39.21 -36.94 65.50 75.84 -27.84 -54.01 19.33 -97.00 92.70 -9.14 35.37 -51.80 94.29 -79.58 49.53 -81.42 75.54 
-97.29 21.33 -72.55 -13.99 -68.32 -2.02 -35.23 -44.45 30.28 -67.21 -37.85 -81.96 24.17 56.00 -32.59 20.27 73.64 38.45 68.90 -11.55 3.71 75.50 -62.78 13.11 11.77 -65.01 -38.50 -38.82 51.12 -19.51 34.58 -26.16 57.14 66.05 70.08 -20.42 57.65 -22.67 58.21 35.63 -98.31 94.27 8.58 -14.25 -48.27 -86.15 -17.03 25.32 82.81 -63.32 -27.12 -53.58 -65.60 5.24 -43.61 -73.97 -2.57 14.52 52.94 -97.81 -35.37 -87.91 -63.95 4.85 
87.42 -49.67 69.49 31.61 -15.72 100.95 -72.65 -44.03 26.44 84.72 36.31 -25.99 52.78 30.96 -44.34 -56.77 64.23 -75.58 71.27 91.78 97.15 -20.44 90.57 45.21 46.45 -37.21 19.55 -52.24 78.91 31.46 8.14 -65.40 -23.55 63.84 24.34 66.13 3.10 -75.96 62.33 2.17 32.35 -79.36 36.93 -96.59 -41.17 47.90 -84.41 -67.76 -24.75 -87.06 -77.12 73.19 55.74 33.40 -53.02 3.79 20.23 -65.09 -99.35 -95.91 7.67 -8.48 78.50 63.16 
-48.90 -47.03 -76.47 53.50 63.79 21.23 -1.73 97.14 17.75 -91.22 60.25 55.72 33.00 -6.80 -79.88 82.83 -3.44 -68.37 72.02 -71.17 -41.65 10.38 -96.62 -37.37 -97.49 -63.83 10.51 -68.77 84.41 -97.70 -74.34 -78.76 55.26 43.28 -12.48 66.22 21.04 -39.23 78.44 -96.47 -45.21 -87.53 -52.62 12.14 -14.23 48.22 74.18 -25.31 -84.13 23.43 20.53 -49.96 -49.06 37.67 46.78 47.78 72.35 -81.43 41.31 79.72 -96.05 -75.19 13.39 100.35 
80.98 14.04 -77.95 -83.53 -39.42 -32.14 13.22 -52.98 -11.54 42.10 -82.16 26.59 -89.07 49.90 -92.44 -27.77 -64.69 41.91 -52.90 31.05 -40.60 15.18 59.18 91.32 69.24 61.37 -86.92 97.72 36.12 -51.70 -39.32 4.95 -4.92 42.82 -27.48 96.95 -86.65 -52.28 80.36 21.03 71.14 -84.16 -54.15 -54.72 7.14 24.92 -17.48 -51.73 29.56 13.60 -52.15 -51.50 31.57 -69.65 39.10 100.30 61.90 1.74 -65.61 -1.59 22.26 -64.61 -62.12 -58.06 
-1.59 35.40 -1.55 87.44 11.44 -87.81 -88.86 45.84 57.47 -18.38 -14.82 -3.41 -36.45 -18.20 57.87 46.00 60.93 -29.70 -32.81 76.91 -68.74 25.16 6.34 -46.63 52.62 44.31 -32.42 45.23 1.21 -4.69 1.48 62.31 -62.25 -33.37 1.02 -51.69 -31.04 -8.52 -54.83 38.06 -82.36 -33.80 -30.29 -20.55 -16.22 70.46 49.23 34.24 44.06 -21.19 -29.46 -63.82 -0.70 65.80 25.57 99.12 -96.92 -61.13 53.92 14.85 74.54 -24.81 21.47 -70.79 
83.85 -33.08 7.01 -76.62 24.07 46.37 -2.04 52.81 -83.13 -72.33 -43.77 -65.51 -75.27 80.00 11.61 -55.30 -82.58 -18.91 -28.86 52.42 50.69 76.64 55.08 -7.10 -39.22 41.23 -54.28 69.61 100.33 32.84 -23.34 -70.48 -46.89 -26.37 85.97 9.63 36.01 -54.86 52.19 31.44 35.39 -50.16 26.44 49.18 75.04 11.11 -69.88 69.65 18.71 -68.44 -55.95 -13.17 14.43 -22.70 -53.10 -19.73 24.63 47.24 -83.49 40.16 -15.98 74.54 -64.09 25.38 
-48.04 -87.74 -74.12 39.31 22.24 -81.86 32.39 -36.02 36.28 -15.44 65.32 73.98 -61.42 63.11 -47.93 -48.97 0.42 70.85 91.66 -92.83 82.57 48.80 -27.42 44.88 -85.44 48.51 -8.61 60.80 78.13 28.43 -79.37 -64.03 -21.72 6.20 94.49 16.61 5.34 -16.11 -59.07 9.77 99.20 27.62 -58.00 96.83 45.95 -63.02 -65.24 27.65 66.97 35.64 81.02 -74.36 67.28 -42.32 46.06 9.32 -20.33 95.46 40.28 -57.54 3.37 56.21 -12.57 -79.83 
81.27 44.91 13.93 -93.41 -48.18 -26.59 -15.30 -47.76 4.13 89.08 -28.28 58.61 -26.54 19.88 59.04 79.38 -8.26 93.44 70.86 71.33 -93.59 20.16 81.13 -97.34 74.39 -58.60 17.45 17.63 -89.49 -56.04 -40.54 28.81 84.80 3.16 -0.46 93.83 100.31 46.56 51.36 43.08 11.83 29.25 22.69 57.68 63.92 75.02 25.51 -2.79 67.01 -0.98 -36.10 -14.14 -4.28 67.63 66.42 46.76 -41.35 99.55 -42.03 -28.37 -38.71 59.83 62.27 -41.06 
-41.63 -64.94 60.41 -5.90 -32.23 -98.21 -27.12 -62.62 77.50 -16.49 92.13 83.95 98.38 94.63 -14.23 -80.16 -24.10 -19.02 -1.32 -46.62 -94.50 -49.34 -98.90 89.96 -83.04 -60.05 -73.53 -26.51 38.54 -92.86 -80.68 -58.36 91.51 48.32 31.66 -89.08 35.81 8.13 26.69 -58.31 97.73 43.03 -98.88 -13.77 -72.84 -1.07 -7.15 -72.05 -33.38 -45.94 -17.81 -35.29 25.11 36.68 -76.19 -92.56 28.49 38.48 -12.15 79.52 -22.64 83.44 -67.16 10.31 
43.39 20.85 -99.11 43.68 -92.61 8.82 93.36 -28.10 56.22 -5.64 17.08 34.11 -63.41 56.45 96.61 49.33 -23.65 -90.62 -53.01 53.64 -83.61 -87.22 -72.58 -98.77 -23.33 -46.57 68.13 -35.25 43.88 37.66 94.67 -55.68 34.71 31.18 50.90 -70.44 -9.65 -9.98 88.41 -86.75 -79.06 26.92 -75.60 -3.17 47.83 70.86 -72.39 -39.25 19.93 -97.72 76.38 55.41 -90.31 40.70 91.47 -83.61 84.16 100.81 -68.81 23.12 94.54 -37.51 4.02 -22.11 
-71.54 98.04 52.00 -4.51 90.23 76.86 15.15 87.58 30.49 -37.43 31.06 -27.42 -4.03 38.92 32.63 9.64 19.62 97.27 94.78 38.80 40.33 46.74 -46.78 -70.43 -18.97 -30.06 44.97 53.01 36.37 -67.97 -59.28 -47.80 -19.10 -13.27 -51.69 -37.11 -97.78 38.58 -37.24 56.39 -66.54 7.42 46.71 -58.08 99.42 95.18 -92.37 -69.81 -19.33 60.65 1.51 -47.70 -81.09 -76.27 97.75 -51.18 -21.35 83.85 88.32 -46.19 -15.54 -84.70 -41.18 65.60 
-91.38 -92.21 -64.40 -73.02 22.29 -50.05 99.57 14.60 -41.40 2.14 86.90 81.47 -99.08 39.41 100.00 -91.77 75.24 74.71 -93.16 44.47 -75.50 -12.63 -75.77 34.45 61.69 -77.34 10.44 12.66 86.58 -98.83 38.32 53.93 -17.94 -2.81 -24.58 -76.95 85.91 20.79 -51.33 49.61 23.09 27.03 46.86 40.49 8.92 -55.71 -58.17 41.23 92.26 -46.78 -13.43 53.26 -97.00 1.10 -87.49 64.00 84.05 -24.17 0.69 19.50 49.26 82.46 -0.93 -11.11 
-71.29 82.57 -29.30 -47.70 24.03 85.10 -85.88 6.08 -53.87 6.73 -58.37 -56.55 -19.72 42.70 92.56 -36.91 19.20 -61.39 -62.50 71.96 -44.70 -70.71 -17.83 -79.73 -35.86 67.65 99.24 -30.53 -51.11 84.05 36.93 -22.92 -58.42 88.45 91.79 -43.42 -71.54 27.96 -51.49 -33.39 16.04 -61.72 -54.49 -71.55 25.36 -44.60 -47.91 60.81 -97.31 23.07 95.66 -9.69 -29.72 51.24 -18.55 -28.61 66.14 63.00 46.94 -43.47 14.79 97.10 -38.32 46.12 
-3.69 39.54 26.57 9.75 70.50 72.48 -49.31 -33.33 -54.56 5.43 -27.39 -75.75 12.39 1.77 -0.60 64.94 14.70 96.39 67.05 48.79 -80.88 84.35 -77.35 -70.49 -83.89 57.76 -20.30 -60.08 -20.05 -43.06 -43.90 -98.60 -91.47 45.85 16.27 -5.85 -43.29 -66.84 -73.59 -63.47 -59.82 -71.83 10.97 77.86 91.82 19.08 -59.60 64.12 85.93 73.57 -2.05 75.48 8.34 34.01 22.66 -84.18 91.51 76.51 66.67 -37.04 -67.69 62.36 74.96 34.94 
17.72 -24.85 -17.32 28.23 65.13 24.92 -17.88 88.12 3.05 -80.48 -44.90 -0.52 91.60 57.67 50.53 78.92 67.21 5.42 76.24 14.25 58.86 -48.18 34.71 -77.58 20.59 55.01 65.27 -4.62 99.80 79.52 29.23 22.89 -7.93 43.32 -30.84 39.00 37.56 50.88 -82.72 -76.60 -54.79 -73.74 -62.65 -56.16 65.30 -51.92 99.05 -96.59 -97.81 51.62 -13.98 -7.95 81.06 -57.60 -65.37 -63.48 -18.29 -54.05 92.48 -43.73 2.16 57.60 100.02 -19.38 
-34.70 20.92 -73.19 -48.12 35.41 20.01 -20.90 -65.69 -84.43 -32.56 -82.33 7.11 -99.20 -29.50 -8.04 -74.03 -90.02 -93.53 -9.87 18.08 -37.06 66.69 71.15 1.86 -58.03 -86.92 16.56 40.50 -17.19 -5.53 74.38 -34.84 27.39 -77.92 95.26 -30.40 -61.41 54.80 59.20 65.19 -16.74 -39.62 14.74 -26.61 26.01 -49.95 50.87 -76.51 -56.05 39.05 -87.12 -94.20 -46.63 -62.77 -25.16 5.80 -78.69 -62.98 -8.33 -92.82 -32.50 31.20 84.45 -20.40 
-16.48 -14.55 -95.78 -48.33 78.98 21.87 24.85 52.85 45.88 -93.10 4.14 83.86 -80.02 98.46 60.35 -24.62 80.72 2.65 10.92 27.91 41.54 -34.09 84.99 -19.23 24.36 -21.13 31.02 -5.84 -68.65 69.25 -65.70 -61.16 94.37 27.46 -99.07 36.87 58.11 36.52 -15.29 54.74 31.63 43.79 -15.36 -43.09 36.73 41.56 -6.65 -69.44 -48.90 0.74 55.86 -90.96 20.12 43.42 -3.96 -15.68 14.42 16.37 7.33 -18.72 4.28 40.11 49.42 -16.67 
-83.40 32.10 16.37 84.88 51.94 -22.14 -83.85 -15.77 69.22 -35.02 -46.33 91.84 72.53 82.74 56.58 3.96 38.77 5.94 77.70 56.22 -93.65 -52.91 90.11 -80.31 4.85 50.82 -3.49 42.65 53.77 -42.53 -4.67 10.56 46.43 -25.09 -4.93 -95.39 61.54 -22.89 9.57 82.89 -73.29 -50.69 14.72 17.59 31.62 -45.50 -39.21 -81.65 14.87 5.91 74.42 100.66 -64.71 -89.43 -73.68 20.66 64.72 89.09 94.33 14.37 59.52 56.05 -1.31 71.94 
-2.79 -28.18 -6.12 23.19 -49.99 -50.58 70.85 98.18 -97.68 4.65 -34.30 11.76 -57.65 -68.42 -17.58 75.66 58.78 -18.54 -98.43 -33.34 95.75 56.83 66.05 -68.37 -35.71 -7.24 62.43 33.57 -87.06 65.91 -84.01 53.42 -10.52 69.89 -50.35 -28.07 -39.08 -35.03 -34.59 -92.97 77.60 -53.85 -92.64 62.31 -73.13 91.03 -19.05 -98.09 30.47 79.94 -69.21 -85.44 6.70 -1.25 -64.57 -36.34 12.06 31.24 -24.20 18.94 61.74 65.30 37.70 -40.05 
89.49 -68.14 -83.84 3.32 5.46 17.17 -82.82 80.64 -40.48 -68.03 51.82 -98.84 -57.11 -93.75 79.95 33.45 -19.26 -66.14 -80.30 -22.97 73.91 51.49 -61.25 -66.81 100.19 28.47 91.51 -0.98 -75.66 88.16 11.66 -79.99 94.60 -98.37 52.79 39.02 13.09 -70.08 -78.42 -65.31 46.66 -8.09 -1.02 34.04 91.80 -73.14 -68.56 72.31 76.87 69.59 -34.30 -75.43 89.37 15.51 38.95 -55.81 42.38 74.46 -76.11 89.96 58.45 42.10 -25.25 -15.61 
77.38 13.19 -37.14 24.41 -56.24 52.51 33.24 -43.18 -93.85 -51.33 16.27 -73.72 86.52 -80.23 -84.38 6.16 -72.34 85.88 -40.27 85.85 37.50 -7.87 66.72 35.90 -73.14 21.43 -51.02 89.67 31.46 56.18 59.75 -27.90 -29.66 -27.30 -70.21 -34.41 97.76 59.68 34.17 58.69 -0.64 -8.10 -44.08 25.37 6.18 53.81 -46.86 -24.20 62.65 -22.22 6.01 64.01 -76.84 92.15 51.44 91.09 29.12 -89.15 57.35 51.52 84.37 -85.95 49.67 -60.67 
-47.68 -47.17 44.58 -82.89 50.91 42.39 -24.10 56.26 -78.80 66.81 -76.41 -3.73 -89.28 40.95 81.87 -66.24 37.98 -69.02 -11.86 -67.07 28.99 -75.64 -75.24 83.80 -59.44 78.56 93.99 -76.11 86.98 55.52 87.80 -12.45 -83.11 9.28 41.74 -90.27 -5.82 -86.42 67.30 -94.74 9.10 -42.85 62.08 23.98 94.91 -84.02 24.72 -91.58 -61.95 -52.61 30.60 5.71 -70.68 44.12 53.43 -32.40 -30.06 83.64 55.74 -12.72 0.45 98.92 -78.49 -31.30 
63.67 57.66 -67.68 52.16 72.78 38.17 -44.93 -86.60 -4.98 89.87 -77.08 16.08 -89.43 33.75 -49.64 13.07 76.59 -46.37 68.62 4.00 34.63 -98.27 68.56 21.01 -82.27 13.51 6.43 -39.63 -72.84 49.79 -68.07 -21.18 47.74 56.31 37.61 -5.70 -49.64 -38.49 -97.80 81.64 -87.04 -2.21 -27.80 78.52 -50.19 -79.66 60.60 -90.43 95.65 9.11 -98.55 11.37 41.06 47.87 40.99 -57.66 14.10 -22.26 -23.55 -38.78 40.43 46.91 -96.82 -10.08 
-4.46 70.07 -68.00 79.49 -89.08 63.57 -15.76 -99.71 30.29 0.56 75.86 -36.37 -66.92 -80.10 35.23 -0.20 -21.33 73.32 -17.71 -68.18 -55.07 70.03 -37.42 -34.67 -30.58 -82.28 93.70 14.18 60.14 -63.02 80.25 65.84 42.93 4.13 -39.68 -46.36 26.54 -45.09 -18.92 -17.79 -72.12 12.45 -29.55 0.34 -36.64 -98.14 77.27 15.27 -71.81 13.98 99.52 24.47 -93.80 76.61 30.72 78.06 41.59 -33.25 39.03 32.43 -17.46 19.36 90.46 -53.10 
-41.81 12.10 -33.40 14.52 44.28 -3.29 -81.66 -8.44 -80.12 -89.08 22.66 89.32 76.33 21.56 78.50 -61.48 -82.15 70.96 82.96 79.53 -55.66 3.78 45.69 66.09 -91.29 -40.59 95.21 59.73 40.26 96.54 7.39 -29.56 23.49 -59.99 53.94 -1.44 -55.96 89.66 26.81 94.52 -48.45 -94.91 -0.04 -82.61 4.72 4.66 62.59 -77.41 100.77 -29.38 61.97 -85.19 56.23 41.32 -62.04 -8.44 -98.84 74.03 22.77 -4.12 -8.52 -34.51 -2.79 25.44 
-27.71 32.14 16.67 87.23 73.68 -32.06 44.27 57.97 22.86 90.84 -3.75 -16.47 70.47 85.23 -93.14 45.73 -57.74 -31.29 -57.79 41.70 -80.76 -42.37 11.31 86.59 97.05 -9.66 24.93 -11.90 25.46 99.25 54.10 24.86 -7.79 -76.75 58.11 -6.16 -53.40 24.35 68.25 0.52 11.99 -54.75 -43.59 -4.43 44.38 82.55 -19.58 13.18 84.02 -39.15 -20.01 -15.12 -59.57 7.33 -10.97 -0.54 21.75 76.77 -20.75 -1.36 -61.51 -13.07 -86.01 53.97 
58.45 5.94 87.10 89.32 -60.98 29.17 45.53 21.64 62.69 12.54 69.55 70.24 -9.73 -42.76 16.97 -46.36 -52.90 -28.09 -14.08 -81.15 14.63 -87.77 -65.57 -1.85 -96.23 31.82 91.76 -48.95 -97.66 6.78 -49.89 -24.57 59.88 12.71 -47.79 -20.28 -44.78 -56.52 5.07 -30.85 -39.19 -87.74 26.51 61.46 42.33 5.61 13.79 80.84 -58.70 -53.95 -68.89 -58.11 6.23 -51.20 18.57 -79.32 -44.96 -73.06 -28.73 -73.83 27.00 -58.72 -37.67 39.00 
80.25 -63.97 -52.49 -38.82 10.44 -57.76 -75.55 -86.20 -71.89 -69.09 -19.25 -92.05 -54.59 -20.19 81.35 -71.67 63.45 -33.11 7.00 27.49 59.77 -1.39 -67.15 -58.69 -77.40 -28.63 -51.73 49.27 -60.12 -27.56 -50.10 32.71 -35.57 26.94 -72.02 -84.75 -90.06 70.70 -3.54 -30.97 -36.06 -40.62 75.25 45.94 -16.18 72.00 -59.88 32.86 67.90 -7.80 38.73 -0.69 61.79 -7.60 48.32 23.63 36.95 19.88 -2.05 -75.54 -99.33 -33.58 -7.73 64.62 
70.21 14.29 -37.75 -96.07 -78.54 61.67 52.97 -26.70 -3.46 97.96 16.67 1.99 -65.94 96.48 64.64 7.51 -33.57 18.25 50.74 36.64 -31.73 27.43 -28.64 -81.77 -94.57 40.20 -54.60 -54.29 -0.21 -11.88 58.16 73.31 -67.96 92.95 39.65 80.42 -36.28 -19.32 11.88 -74.26 44.77 9.89 9.69 -96.69 22.28 -27.84 22.49 92.86 63.08 -64.90 -92.92 -63.72 -58.05 22.56 63.27 -36.71 -14.87 95.72 75.05 22.94 26.80 77.09 43.57 -85.07 
-65.86 80.79 -84.69 -41.22 23.01 61.38 12.48 26.49 15.06 -67.31 -56.06 44.16 46.06 -42.44 15.42 66.52 -2.62 65.96 -4.92 -0.32 96.16 81.08 -29.54 -63.27 -32.23 16.36 94.16 70.79 65.01 -90.40 39.37 -43.33 75.75 -96.90 -93.18 -73.69 -19.13 40.50 37.21 -46.53 50.21 1.05 -11.56 -15.23 11.74 92.22 -34.24 -55.00 -35.85 52.17 -62.38 70.74 48.80 -91.12 78.98 -11.83 -44.76 -37.64 13.46 -37.17 -65.57 21.60 32.10 -96.94 
36.30 -55.26 50.01 -29.83 71.11 -25.56 -57.60 -66.84 -38.77 -46.41 63.17 92.94 84.73 14.66 -41.87 8.54 56.63 -89.74 54.07 15.61 38.07 -9.03 -45.70 -70.30 -24.81 -55.83 30.86 24.25 49.45 -9.15 -43.46 76.98 8.38 37.32 -4.74 -66.91 -90.26 -92.63 90.75 -52.40 -7.00 76.14 -74.69 9.53 30.02 7.00 -25.96 41.82 47.71 33.58 6.84 -29.43 -52.06 69.42 -84.58 90.01 78.03 -86.67 31.99 -21.91 9.37 84.25 -25.85 99.19 
